 Al Density=2.699
 Energy(eV), Delta, Beta 
  30.  0.107041024  0.00801586732
  30.4181843  0.103505708  0.00792390294
  30.8421955  0.100080788  0.00783301052
  31.2721214  0.0967628211  0.00774315977
  31.7080383  0.093548283  0.00765430881
  32.150032  0.0904401392  0.00756651862
  32.5981827  0.0874366909  0.00747279217
  33.0525818  0.0845232904  0.00735535612
  33.5133171  0.0816857517  0.00722446945
  33.9804764  0.0789185539  0.00709589431
  34.4541473  0.0762257352  0.00696962839
  34.9344177  0.0736061335  0.00684559671
  35.4213829  0.0710563809  0.00672378298
  35.9151382  0.0685767084  0.00660412153
  36.4157791  0.0661652461  0.0064865984
  36.9233932  0.0638199896  0.0063711796
  37.4380875  0.0615389571  0.00625781342
  37.9599533  0.0593205169  0.00614645565
  38.4890938  0.0571628101  0.00603706483
  39.0256119  0.0550609902  0.0059296228
  39.5696068  0.0530166365  0.00582410442
  40.1211853  0.0510304049  0.0057204701
  40.6804543  0.0491016246  0.00561623229
  41.2475166  0.0472253598  0.00550457882
  41.8224831  0.0453938916  0.00538302725
  42.405468  0.0436011031  0.00526415044
  42.9965744  0.0418474451  0.00514790323
  43.5959282  0.0401342697  0.00503422413
  44.2036324  0.0384622514  0.00492305728
  44.8198051  0.0368304923  0.00481434679
  45.4445686  0.0352386124  0.00470803026
  46.0780411  0.0336861201  0.00460405461
  46.7203445  0.0321745984  0.00450238958
  47.3715973  0.0307236109  0.00440296577
  48.0319328  0.0293053854  0.00425288593
  48.7014732  0.0278826524  0.00408555614
  49.3803444  0.0264648832  0.00391958933
  50.0686798  0.0250590462  0.00376036903
  50.7666092  0.0236674938  0.00360762095
  51.4742699  0.0222905055  0.00346106803
  52.1917915  0.0209260806  0.0033204623
  52.9193192  0.0195642002  0.00318557699
  53.6569862  0.0182119831  0.00306511135
  54.4049339  0.0168744251  0.00295562716
  55.163311  0.015551568  0.00285230041
  55.9322586  0.0142396204  0.0027525872
  56.7119217  0.0129335551  0.00265635666
  57.5024567  0.0116303843  0.00256349845
  58.3040123  0.010314865  0.00247387355
  59.1167336  0.00898297131  0.0023873907
  59.9407921  0.00763752358  0.00231519341
  60.7763329  0.00628079986  0.00225304998
  61.6235237  0.00490689045  0.00219525723
  62.4825172  0.00349815446  0.00213894737
  63.3534927  0.00203089579  0.00208810926
  64.2366028  0.00049939804  0.00209030625
  65.1320343 -0.00108026795  0.00209674425
  66.0399323 -0.00274960883  0.0021036081
  66.960495 -0.00454800529  0.00211050292
  67.8938904 -0.00653441017  0.00211464637
  68.8402939 -0.00880582631  0.00211497094
  69.7998886 -0.0115287444  0.00211471017
  70.7728577 -0.0150872935  0.00211445522
  71.7593994 -0.0214154739  0.00211419514
  72.7596817 -0.0373921245  0.0146784745
  73.7739182 -0.0231347941  0.0243992787
  74.8022842 -0.0181595702  0.0248973761
  75.844986 -0.0158158094  0.0254055988
  76.9022217 -0.0142623503  0.0259242244
  77.9741974 -0.0130887609  0.0264536366
  79.0611115 -0.012130334  0.026993705
  80.1631851 -0.0112389233  0.0275447872
  81.2806168 -0.0103928726  0.0280524772
  82.4136276 -0.00959489495  0.028541591
  83.5624237 -0.00881678704  0.0290370025
  84.7272415 -0.0079779448  0.0295410268
  85.9082947 -0.00696465885  0.0300380867
  87.1058121 -0.00581933185  0.0302400235
  88.320015 -0.00484494399  0.030116668
  89.5511475 -0.00404604105  0.0299541503
  90.7994385 -0.00335914735  0.0297924764
  92.0651398 -0.00274078501  0.0296316706
  93.3484802 -0.00217215042  0.0294717532
  94.649704 -0.00164184824  0.0293126721
  95.9690704 -0.00114043418  0.0291544423
  97.3068314 -0.000660475926  0.0289970636
  98.6632385 -0.000195875618  0.0288405623
  100.038544  0.00025814015  0.0286849048
  101.433029  0.000708481122  0.0285301134
  102.846954  0.00116501271  0.0283694454
  104.280579  0.00163171708  0.0281861871
  105.734192  0.00208313391  0.0279571302
  107.208076  0.00249523367  0.0277297292
  108.702492  0.00289734616  0.0275043026
  110.217751  0.00329217268  0.027280787
  111.754128  0.00368307973  0.0270590317
  113.311913  0.00407346431  0.0268390253
  114.891418  0.00446662446  0.0266207736
  116.492943  0.00486663356  0.0264041964
  118.116798  0.0052856002  0.0261896811
  119.763275  0.00572907273  0.0259767417
  121.432716  0.00621108711  0.0257654991
  123.125427  0.0067818067  0.0255560316
  124.841721  0.00743852369  0.0252064392
  126.581955  0.00808432326  0.0246233791
  128.346436  0.0085568605  0.023980597
  130.135513  0.00891173631  0.0233545564
  131.949539  0.00920987036  0.022744894
  133.788834  0.00946493074  0.0221511517
  135.653778  0.00968452543  0.0215728879
  137.544724  0.00987470616  0.0210097227
  139.462021  0.010040231  0.020461265
  141.406052  0.0101849763  0.0199271329
  143.377167  0.0103123663  0.0194069333
  145.375778  0.0104267858  0.0189003032
  147.402222  0.010533358  0.0184069294
  149.45694  0.010641112  0.0179264136
  151.540268  0.0107456231  0.0174290724
  153.652664  0.0108301165  0.0169144813
  155.794495  0.0108806873  0.0164139438
  157.966202  0.0109132268  0.0159282014
  160.168167  0.0109322062  0.0154568246
  162.400818  0.010941457  0.0149994111
  164.664597  0.0109433662  0.014555539
  166.95993  0.010940535  0.0141247958
  169.287262  0.0109355971  0.0137067959
  171.647034  0.0109317601  0.0133011779
  174.039703  0.0109339189  0.0129075665
  176.465729  0.0109587032  0.012525578
  178.925552  0.0110293794  0.0121054351
  181.419678  0.0110731749  0.0116060358
  183.948563  0.0110483626  0.011096878
  186.512726  0.0109706931  0.010610058
  189.112595  0.0108707547  0.010144623
  191.748734  0.0107519981  0.00969954766
  194.4216  0.0106177451  0.0092740804
  197.131729  0.0104713673  0.00886722282
  199.879639  0.010316723  0.00847819354
  202.665863  0.0101548489  0.0081040943
  205.490906  0.00998593029  0.0077452776
  208.355347  0.00981075689  0.00740233716
  211.259705  0.00963093154  0.0070745456
  214.204544  0.0094469497  0.00676132739
  217.190445  0.00925830938  0.00646194443
  220.217957  0.0090650674  0.00617581047
  223.287674  0.008864915  0.00590744289
  226.400192  0.00866482221  0.00566261029
  229.556091  0.00847293157  0.00543671753
  232.755981  0.00829183497  0.00521983206
  236.000458  0.00811490603  0.00501160184
  239.290176  0.00794219412  0.00481167575
  242.625763  0.007773221  0.00461973343
  246.007828  0.0076079485  0.00443544658
  249.437057  0.00744639477  0.00425850041
  252.914062  0.00728866365  0.00408861553
  256.439545  0.00713497913  0.00392551348
  260.01416  0.00698596006  0.00376891391
  263.638641  0.00684499415  0.00361856748
  267.313599  0.00671245204  0.00346939522
  271.039825  0.0065798671  0.00330959214
  274.817963  0.00644135056  0.00315217976
  278.648773  0.00629835995  0.00300225709
  282.53299  0.0061544124  0.00285946787
  286.471375  0.00601066696  0.00272346963
  290.4646  0.00586768519  0.0025939378
  294.513519  0.00572580518  0.00247056177
  298.618896  0.00558566116  0.00235306146
  302.781494  0.00544742635  0.00224114466
  307.002106  0.00531124324  0.0021345506
  311.281525  0.00517725153  0.00203303201
  315.620605  0.00504557136  0.00193633861
  320.020203  0.00491625024  0.00184424245
  324.48111  0.00478915172  0.00175652409
  329.004181  0.00466448441  0.00167298585
  333.590363  0.00454228465  0.00159341563
  338.240417  0.00442252867  0.00151762599
  342.955322  0.00430515921  0.001445445
  347.735901  0.00419010548  0.00137670187
  352.58316  0.00407723477  0.001311225
  357.497986  0.00396578712  0.00124885829
  362.481323  0.003856336  0.00119226985
  367.534119  0.00375089864  0.00113925617
  372.657349  0.00364917889  0.00108883879
  377.85199  0.0035506303  0.00104065414
  383.119019  0.00345490896  0.000994601753
  388.459473  0.00336188078  0.000950584479
  393.87439  0.00327141839  0.000908520306
  399.364807  0.00318343169  0.000868314994
  404.931732  0.0030978655  0.000829889148
  410.576233  0.00301465229  0.000793162442
  416.299469  0.00293374434  0.000758060836
  422.102448  0.00285511068  0.000724514539
  427.986359  0.00277876062  0.000692452886
  433.95224  0.00270484202  0.000661807659
  440.001282  0.00263321726  0.00063127483
  446.134674  0.00256282068  0.000601695792
  452.353577  0.00249378267  0.000573434867
  458.659119  0.00242628832  0.000546508702
  465.052582  0.0023604345  0.000520842383
  471.535156  0.00229621888  0.000496378168
  478.108093  0.00223360886  0.000473066611
  484.772644  0.00217264728  0.000450844789
  491.530151  0.00211328431  0.000429642329
  498.381775  0.00205553463  0.000409342028
  505.328979  0.00199930021  0.00038984936
  512.372986  0.00194444228  0.000371163653
  519.515198  0.00189088343  0.000353332667
  526.756958  0.00183867454  0.000336382916
  534.09967  0.00178782584  0.000320289313
  541.544739  0.00173836062  0.000304985035
  549.093506  0.00169030763  0.000290416414
  556.74762  0.00164360285  0.000276425737
  564.508362  0.00159812369  0.000262988004
  572.377319  0.00155378925  0.000250116107
  580.355957  0.0015105959  0.000237795452
  588.445801  0.00146846706  0.000226063552
  596.648438  0.00142743473  0.0002148965
  604.965332  0.00138748309  0.000204281576
  613.398315  0.00134860864  0.000194190623
  621.948669  0.00131081499  0.000184592631
  630.618347  0.00127408083  0.000175422712
  639.408813  0.00123835483  0.00016660009
  648.321838  0.00120355701  0.000158081035
  657.35907  0.00116953114  0.000149893021
  666.522278  0.0011361707  0.000142131757
  675.813293  0.00110359583  0.00013500113
  685.233704  0.0010720056  0.000128454951
  694.785522  0.00104147336  0.000122357349
  704.470398  0.00101195369  0.000116545336
  714.290344  0.000983374775  0.000110862777
  724.247192  0.000955524738  0.000105345622
  734.342834  0.000928378955  0.000100104029
  744.579163  0.000901974854  9.51225666E-05
  754.958191  0.000876295788  9.03883847E-05
  765.481934  0.000851325924  8.58863641E-05
  776.152344  0.000827051408  8.15991589E-05
  786.971436  0.000803450879  7.75098742E-05
  797.941406  0.000780487142  7.36121438E-05
  809.06427  0.000758142211  6.99100419E-05
  820.342224  0.00073641265  6.63931933E-05
  831.777283  0.00071528292  6.30530703E-05
  843.371826  0.000694736664  5.98807055E-05
  855.127991  0.000674757117  5.68668256E-05
  867.047974  0.0006553274  5.40021647E-05
  879.134155  0.000636435929  5.12792831E-05
  891.388855  0.000618060585  4.86939716E-05
  903.814331  0.00060018868  4.62392454E-05
  916.413025  0.000582812412  4.39084688E-05
  929.187317  0.000565915892  4.1692474E-05
  942.139648  0.000549481076  3.95859643E-05
  955.272583  0.000533492828  3.758608E-05
  968.588562  0.000517942128  3.56874007E-05
  982.09021  0.000502810697  3.3883447E-05
  995.779968  0.000488090998  3.21738444E-05
  1009.66058  0.000473763386  3.05535432E-05
  1023.7348  0.000459826348  2.90331755E-05
  1038.005  0.000446284539  2.75938801E-05
  1052.47424  0.000433125068  2.62099456E-05
  1067.14514  0.00042030873  2.48805227E-05
  1082.02051  0.000407818443  2.36180458E-05
  1097.10339  0.000395653013  2.24197211E-05
  1112.39636  0.000383802253  2.12821196E-05
  1127.90259  0.000372258626  2.02023293E-05
  1143.62488  0.000361009705  1.91774543E-05
  1159.56641  0.000350043789  1.82045387E-05
  1175.73022  0.000339352962  1.7280805E-05
  1192.11926  0.000328918861  1.64039975E-05
  1208.73682  0.000318725768  1.55717098E-05
  1225.58594  0.0003087683  1.47816272E-05
  1242.66992  0.000299032254  1.40339007E-05
  1259.99194  0.000289507239  1.33270332E-05
  1277.55554  0.000280179986  1.26589557E-05
  1295.36401  0.000271034834  1.20269706E-05
  1313.42078  0.000262058893  1.14264267E-05
  1331.72913  0.000253197853  1.08559079E-05
  1350.29272  0.000244443829  1.03138409E-05
  1369.11511  0.000235766871  9.79885772E-06
  1388.19983  0.000227126846  9.30964325E-06
  1407.55054  0.000218470203  8.84490419E-06
  1400.  0.000221898183  9.0226431E-06
  1400.54492  0.000221653376  9.00966461E-06
  1401.08984  0.000221403723  8.99670886E-06
  1401.63501  0.00022115426  8.98377039E-06
  1402.18066  0.000220904971  8.97084738E-06
  1402.72632  0.000220656017  8.95794528E-06
  1403.27209  0.000220407353  8.9450632E-06
  1403.81836  0.000220158836  8.93219658E-06
  1404.36462  0.000219910653  8.91935088E-06
  1404.91113  0.000219662717  8.90652245E-06
  1405.45789  0.000219415015  8.89371313E-06
  1406.00476  0.000219167589  8.88092291E-06
  1406.552  0.000218920366  8.86814996E-06
  1407.09949  0.00021867342  8.85539521E-06
  1407.64709  0.000218426707  8.84265773E-06
  1408.19482  0.000218180299  8.82994209E-06
  1408.7428  0.000217934125  8.81724372E-06
  1409.29114  0.000217688153  8.80455991E-06
  1409.83948  0.000217442503  8.79189884E-06
  1410.38806  0.000217197085  8.77925413E-06
  1410.93701  0.000216951899  8.76662762E-06
  1411.48608  0.000216706962  8.75401929E-06
  1412.03552  0.000216462227  8.74142734E-06
  1412.58496  0.000216217813  8.7288563E-06
  1413.13464  0.000215973647  8.71630346E-06
  1413.68457  0.000215729728  8.70376698E-06
  1414.23486  0.000215485983  8.69124779E-06
  1414.78528  0.000215242544  8.67874678E-06
  1415.33582  0.000214999382  8.66626578E-06
  1415.8866  0.000214756437  8.65380207E-06
  1416.4375  0.000214513755  8.64135745E-06
  1416.98865  0.000214271422  8.62893739E-06
  1417.54028  0.000214029104  8.61651824E-06
  1418.09192  0.000213787134  8.60412547E-06
  1418.6438  0.000213545427  8.59175088E-06
  1419.19592  0.000213303967  8.57939449E-06
  1419.74817  0.000213062769  8.56705537E-06
  1420.30066  0.000212821818  8.55473536E-06
  1420.85339  0.000212581101  8.54243171E-06
  1421.40637  0.000212340616  8.53014535E-06
  1421.95947  0.00021210048  8.51788445E-06
  1422.51282  0.000211860504  8.50563447E-06
  1423.06641  0.000211615115  8.49339995E-06
  1423.62024  0.000211358813  8.48118088E-06
  1424.17432  0.000211102742  8.4689791E-06
  1424.72852  0.000210846993  8.45679551E-06
  1425.28296  0.00021059149  8.44463011E-06
  1425.83765  0.000210336264  8.43247926E-06
  1426.39258  0.000210081285  8.42034842E-06
  1426.94775  0.000209826583  8.40823395E-06
  1427.50293  0.000209572187  8.39613858E-06
  1428.05859  0.000209318008  8.38405776E-06
  1428.61426  0.00020906415  8.37199786E-06
  1429.17017  0.000208810554  8.35995343E-06
  1429.72644  0.000208557161  8.34792536E-06
  1430.28271  0.000208304147  8.3359173E-06
  1430.83948  0.000208051264  8.32392288E-06
  1431.39624  0.000207798745  8.31194848E-06
  1431.95337  0.000207546444  8.29999044E-06
  1432.51062  0.000207294448  8.28804878E-06
  1433.06799  0.000207042729  8.27612712E-06
  1433.62573  0.000206791243  8.26422092E-06
  1434.18372  0.000206540004  8.25233019E-06
  1434.74182  0.000206289071  8.24045856E-06
  1435.30017  0.00020603837  8.22860329E-06
  1435.85876  0.000205787976  8.21676531E-06
  1436.4176  0.000205537784  8.2049437E-06
  1436.97644  0.000205287957  8.19314118E-06
  1437.53577  0.00020503829  8.18135231E-06
  1438.09521  0.000204788957  8.16958345E-06
  1438.65491  0.000204539843  8.15782914E-06
  1439.21472  0.000204291035  8.14609393E-06
  1439.77478  0.000204042473  8.134376E-06
  1440.33521  0.00020379413  8.12267081E-06
  1440.89563  0.000203546122  8.11098653E-06
  1441.45642  0.000203298332  8.09931771E-06
  1442.01733  0.000203050819  8.08766526E-06
  1442.57861  0.000202803552  8.0760301E-06
  1443.14001  0.000202556534  8.0644113E-06
  1443.70166  0.000202309806  8.05280797E-06
  1444.26331  0.000202063384  8.04122556E-06
  1444.82544  0.000201817165  8.02965678E-06
  1445.3877  0.000201571209  8.01810529E-06
  1445.95032  0.000201322866  8.00656017E-06
  1446.51294  0.000201052986  7.99497229E-06
  1447.07581  0.000200783557  7.98340807E-06
  1447.63916  0.000200514041  7.97184293E-06
  1448.20239  0.000200245093  7.96030599E-06
  1448.76599  0.000199976377  7.9487836E-06
  1449.32996  0.000199707909  7.93727486E-06
  1449.8938  0.000199439994  7.92579522E-06
  1450.45813  0.00019917202  7.91431557E-06
  1451.02258  0.000198904498  7.90285958E-06
  1451.58728  0.000198637281  7.89141995E-06
  1452.15222  0.000198370341  7.87999761E-06
  1452.71729  0.000198103837  7.868598E-06
  1453.28259  0.000197837522  7.85720931E-06
  1453.84814  0.000197571455  7.84583608E-06
  1454.41394  0.000197305722  7.83447922E-06
  1454.9801  0.000197040208  7.82313782E-06
  1455.54614  0.000196775087  7.81181552E-06
  1456.11279  0.000196510184  7.80050686E-06
  1456.67932  0.000196245615  7.7892164E-06
  1457.24634  0.000195981309  7.77794048E-06
  1457.81335  0.000195717337  7.76668367E-06
  1458.38062  0.000195453671  7.7554414E-06
  1458.94824  0.000195190223  7.74421551E-06
  1459.51599  0.000194927125  7.7330069E-06
  1460.08398  0.000194664288  7.72181284E-06
  1460.65222  0.000194401757  7.71063605E-06
  1461.2207  0.000194139502  7.69947474E-06
  1461.78931  0.000193877553  7.68832979E-06
  1462.35828  0.000193615866  7.6772003E-06
  1462.92737  0.000193354485  7.66608809E-06
  1463.49658  0.000193093438  7.65499226E-06
  1464.06616  0.000192832624  7.64391189E-06
  1464.63599  0.000192572101  7.63284697E-06
  1465.20593  0.000192311883  7.62179798E-06
  1465.77625  0.000192051928  7.6107649E-06
  1466.34644  0.000191792336  7.59975137E-06
  1466.91724  0.000191532963  7.58874967E-06
  1467.48804  0.00019127391  7.57776525E-06
  1468.05908  0.000191015148  7.5667981E-06
  1468.63062  0.000190756604  7.55584279E-06
  1469.20203  0.000190498424  7.54490702E-06
  1469.7738  0.00019020628  7.53389304E-06
  1470.3457  0.000189909129  7.52288179E-06
  1470.91797  0.000189612314  7.511886E-06
  1471.49048  0.000189315819  7.50090476E-06
  1472.06311  0.000189019687  7.4899408E-06
  1472.63599  0.00018872392  7.47899412E-06
  1473.20911  0.000188428472  7.46806109E-06
  1473.78235  0.000188133388  7.45714624E-06
  1474.35596  0.000187838639  7.44624595E-06
  1474.92957  0.000187544269  7.43536248E-06
  1475.50378  0.00018725016  7.42449311E-06
  1476.07788  0.000186956488  7.41364147E-06
  1476.65234  0.000186663106  7.40280484E-06
  1477.22705  0.000186370075  7.39198458E-06
  1477.80188  0.000186077406  7.38118024E-06
  1478.37695  0.000185785073  7.37039227E-06
  1478.95239  0.000185493031  7.35961703E-06
  1479.52783  0.000185201599  7.34886771E-06
  1480.10364  0.00018491027  7.33812612E-06
  1480.67981  0.000184619086  7.32739136E-06
  1481.25586  0.000184328688  7.31669024E-06
  1481.83228  0.000184038407  7.3059955E-06
  1482.40906  0.000183748431  7.29531621E-06
  1482.98584  0.000183458833  7.28465329E-06
  1483.56299  0.000183169555  7.27400538E-06
  1484.1405  0.000182880394  7.26336611E-06
  1484.71802  0.000182592019  7.25275504E-06
  1485.2959  0.000182303556  7.2421476E-06
  1485.87378  0.00018201585  7.23156927E-06
  1486.45203  0.000181728275  7.22099958E-06
  1487.03052  0.000181441021  7.21044444E-06
  1487.60938  0.000181154071  7.19990385E-06
  1488.18823  0.000180867515  7.18938099E-06
  1488.76733  0.000180581308  7.17887224E-06
  1489.34668  0.000180295421  7.1683794E-06
  1489.92627  0.000180009854  7.15790247E-06
  1490.5061  0.000179724637  7.1474401E-06
  1491.08618  0.000179439739  7.13699274E-06
  1491.6665  0.000179155162  7.12656038E-06
  1492.24695  0.000178870934  7.11614348E-06
  1492.82776  0.000178587041  7.10574204E-06
  1493.40869  0.00017825533  7.09509141E-06
  1493.98975  0.000177896407  7.08430662E-06
  1494.57129  0.000177537862  7.07353593E-06
  1495.15283  0.000177179798  7.06278297E-06
  1495.73486  0.000176822141  7.05204457E-06
  1496.31677  0.000176465022  7.04132526E-06
  1496.89929  0.000176108253  7.0306196E-06
  1497.48169  0.000175752022  7.01993258E-06
  1498.06445  0.00017539617  7.00926012E-06
  1498.64746  0.000175040812  6.99860493E-06
  1499.23071  0.000174685862  6.98796475E-06
  1499.81421  0.000174331377  6.9773414E-06
  1500.39783  0.000173977343  6.96673487E-06
  1500.98181  0.000173623746  6.95614381E-06
  1501.56592  0.000173270586  6.9455682E-06
  1502.15015  0.000172917906  6.93500988E-06
  1502.73486  0.000172565618  6.92446702E-06
  1503.31958  0.000172213797  6.91394052E-06
  1503.90479  0.000171862412  6.90342858E-06
  1504.48987  0.000171511507  6.89293529E-06
  1505.07556  0.00017116098  6.88245473E-06
  1505.66113  0.000170810948  6.87199281E-06
  1506.24707  0.000170461353  6.86154681E-06
  1506.83325  0.000170112195  6.8511149E-06
  1507.41968  0.000169763458  6.84069983E-06
  1508.00635  0.000169415158  6.83030021E-06
  1508.59326  0.000169067309  6.81991651E-06
  1509.18018  0.000168720188  6.80955554E-06
  1509.76758  0.000168372935  6.79919685E-06
  1510.3551  0.000168026396  6.7888609E-06
  1510.94299  0.000167680293  6.77853905E-06
  1511.53088  0.000167334918  6.76824175E-06
  1512.11926  0.000166989383  6.7579449E-06
  1512.70764  0.000166644895  6.74767807E-06
  1513.29626  0.000166300553  6.73742079E-06
  1513.88525  0.000165956604  6.72717715E-06
  1514.47437  0.000165613135  6.71695125E-06
  1515.06384  0.000165270074  6.70673944E-06
  1515.65332  0.000164927493  6.69654492E-06
  1516.24329  0.000164585275  6.68636312E-06
  1516.83325  0.000164243553  6.67619997E-06
  1517.42358  0.000163817647  6.66602773E-06
  1518.01416  0.000163263321  6.65584002E-06
  1518.60486  0.000162709795  6.64566687E-06
  1519.1958  0.000162156997  6.63551009E-06
  1519.78711  0.000161604956  6.6253674E-06
  1520.37854  0.000161053686  6.61524018E-06
  1520.97021  0.000160503187  6.60512978E-06
  1521.56226  0.000159953415  6.59503303E-06
  1522.1543  0.000159404444  6.58495446E-06
  1522.74658  0.00015885623  6.5748909E-06
  1523.33923  0.000158308743  6.56484144E-06
  1523.93213  0.000157762013  6.55480699E-06
  1524.52527  0.00015721604  6.54478754E-06
  1525.11853  0.000156670823  6.53478446E-06
  1525.71204  0.000156126378  6.5247973E-06
  1526.30579  0.00015558266  6.51482424E-06
  1526.89978  0.000155039714  6.50486663E-06
  1527.4939  0.000154497524  6.49492631E-06
  1528.08838  0.000153956062  6.48499781E-06
  1528.68298  0.000153415371  6.47508659E-06
  1529.27795  0.000152875407  6.46518993E-06
  1529.87317  0.000152336172  6.45530827E-06
  1530.46838  0.000151797751  6.44544298E-06
  1531.06409  0.000151260014  6.43559088E-06
  1531.65991  0.000150723048  6.42575424E-06
  1532.25598  0.00015018681  6.4159326E-06
  1532.85229  0.000149651314  6.40612689E-06
  1533.44885  0.000149116575  6.39633572E-06
  1534.04565  0.000148582563  6.38655956E-06
  1534.64258  0.000148049308  6.37679841E-06
  1535.23987  0.000147516781  6.36705136E-06
  1535.8374  0.000146984981  6.35731885E-06
  1536.43506  0.000146453938  6.34760272E-06
  1537.03296  0.000145923637  6.3379016E-06
  1537.6311  0.000145394064  6.32821502E-06
  1538.22949  0.000144865233  6.31854209E-06
  1538.82812  0.000144337144  6.30888508E-06
  1539.42688  0.000143809782  6.29924352E-06
  1540.02612  0.000143283134  6.2896147E-06
  1540.62537  0.000142757228  6.28000134E-06
  1541.22498  0.000142232049  6.27040299E-06
  1541.82471  0.000141189666  6.26081965E-06
  1542.4248  0.000137392431  6.2512504E-06
  1543.02502  0.000133601046  6.24169479E-06
  1543.62549  0.000129819993  6.23216101E-06
  1544.22632  0.000126035695  6.22262905E-06
  1544.82727  0.000122261728  6.21311756E-06
  1545.42834  0.000118498087  6.20362835E-06
  1546.02991  0.000114731185  6.19413959E-06
  1546.63147  0.00011097909  6.18467902E-06
  1547.2334  0.000107228254  6.17522483E-06
  1547.83545  0.000103483209  6.16578745E-06
  1548.43787  9.97438983E-05  6.15636236E-06
  1549.04041  9.60103644E-05  6.14695364E-06
  1549.64331  9.22825711E-05  6.13755765E-06
  1550.24646  8.85605041E-05  6.12817621E-06
  1550.84973  8.4844185E-05  6.11880932E-06
  1551.45325  8.11335995E-05  6.10945699E-06
  1552.05701  7.74287255E-05  6.10011921E-06
  1552.66101  7.37295777E-05  6.09079643E-06
  1553.26514  7.00361416E-05  6.08148775E-06
  1553.86963  6.63483879E-05  6.07219181E-06
  1554.47449  6.26663314E-05  6.06290951E-06
  1555.07935  5.89899792E-05  6.05364403E-06
  1555.68469  5.53192876E-05  6.04438992E-06
  1556.28992  5.16542932E-05  6.03515264E-06
  1556.89563  4.79949522E-05  6.02592809E-06
  1557.50159  4.43412755E-05  6.01671718E-06
  1558.10754  4.06932668E-05  6.00752173E-06
  1558.71411  3.70508824E-05  5.99833811E-06
  1559.32056  3.34141587E-05  5.98917131E-06
  1559.92737  3.52652351E-05  7.10906388E-05
  1560.53455  4.29887514E-05  7.09976739E-05
  1561.14185  5.07002333E-05  7.09048472E-05
  1561.74939  5.83996916E-05  7.08121224E-05
  1562.35718  6.60871447E-05  7.07195359E-05
  1562.96521  7.37625887E-05  7.06270584E-05
  1563.57349  8.14260638E-05  7.05347047E-05
  1564.18201  8.90775627E-05  7.04424747E-05
  1564.79065  9.67171218E-05  7.03503756E-05
  1565.39966  0.000104344741  7.02583711E-05
  1566.00879  0.000111960442  7.01665122E-05
  1566.61829  0.000119564203  7.00747623E-05
  1567.22791  0.000120845958  6.99831216E-05
  1567.83777  0.000121543228  6.98916047E-05
  1568.448  0.000122239318  6.98001822E-05
  1569.05847  0.00012293426  6.97088908E-05
  1569.66895  0.000123628066  6.96177303E-05
  1570.27979  0.000124320708  6.9526679E-05
  1570.89087  0.0001250122  6.94357586E-05
  1571.5022  0.000125702543  6.93449401E-05
  1572.11389  0.000126391707  6.92542453E-05
  1572.72571  0.000127079751  6.91636742E-05
  1573.33777  0.000127766645  6.90732122E-05
  1573.95007  0.00012845239  6.89828739E-05
  1574.56262  0.000129136984  6.88926521E-05
  1575.17529  0.000129820459  6.88025684E-05
  1575.78821  0.000130501823  6.87126376E-05
  1576.40161  0.000131183944  6.8622714E-05
  1577.01501  0.000131863038  6.8533016E-05
  1577.62878  0.000132542889  6.84433398E-05
  1578.24268  0.000133219713  6.83538747E-05
  1578.85693  0.000133896334  6.8264475E-05
  1579.47144  0.00013457278  6.81751408E-05
  1580.08606  0.000135246199  6.80860394E-05
  1580.70093  0.000135919443  6.79969889E-05
  1581.31604  0.000136591552  6.79080622E-05
  1581.93152  0.000137262512  6.78192373E-05
  1582.54712  0.00013793238  6.77305434E-05
  1583.16309  0.000138601099  6.76419586E-05
  1583.77905  0.000139268726  6.75535048E-05
  1584.39539  0.000139935204  6.74651601E-05
  1585.01208  0.000140600547  6.73769173E-05
  1585.62891  0.000141264783  6.72887909E-05
  1586.24597  0.000141927914  6.72007882E-05
  1586.86328  0.00014258991  6.71129019E-05
  1587.48071  0.000143250829  6.70251466E-05
  1588.09863  0.000143910584  6.69374713E-05
  1588.71655  0.000144569261  6.68499415E-05
  1589.33496  0.00014522679  6.67625136E-05
  1589.95349  0.000145883227  6.66751948E-05
  1590.57227  0.000146538543  6.65879852E-05
  1591.19116  0.000147192797  6.65009138E-05
  1591.81042  0.000147845902  6.64139297E-05
  1592.42993  0.000148184714  6.63270839E-05
  1593.04968  0.000148374063  6.62403327E-05
  1593.66968  0.000148563035  6.61537051E-05
  1594.28979  0.000148751657  6.60672158E-05
  1594.91016  0.000148939886  6.59808211E-05
  1595.53088  0.000149127707  6.58945282E-05
  1596.15186  0.000149315136  6.58083518E-05
  1596.77307  0.000149502201  6.5722299E-05
  1597.39441  0.000149688887  6.56363482E-05
  1598.01599  0.00014987521  6.5550521E-05
  1598.63794  0.000150061125  6.54648029E-05
  1599.26001  0.000150246691  6.5379194E-05
  1599.88245  0.000150431835  6.52936869E-05
  1600.50513  0.000150616615  6.52083036E-05
  1601.12793  0.000150801032  6.51230366E-05
  1601.7511  0.000150985041  6.50378643E-05
  1602.37451  0.000151168686  6.49528156E-05
  1602.99792  0.000151351982  6.48678906E-05
  1603.62183  0.00015153487  6.47830602E-05
  1604.24597  0.000151717381  6.46983244E-05
  1604.87012  0.000151899556  6.46137414E-05
  1605.49487  0.00015208128  6.45292312E-05
  1606.11951  0.000152262714  6.44448446E-05
  1606.74475  0.000152443696  6.43605599E-05
  1607.36987  0.000152624387  6.42764135E-05
  1607.99536  0.000152804307  6.4192398E-05
  1608.62122  0.000152984547  6.41084043E-05
  1609.24731  0.000153164074  6.40245635E-05
  1609.87341  0.000153342888  6.39408972E-05
  1610.5  0.000153521658  6.38572747E-05
  1611.12683  0.000153700428  6.37737103E-05
  1611.75391  0.000153878456  6.36903133E-05
  1612.38098  0.000154055786  6.36070763E-05
  1613.00854  0.000154233072  6.35238976E-05
  1613.63623  0.000154410023  6.34408279E-05
  1614.26428  0.000154586582  6.33578529E-05
  1614.89246  0.000154762776  6.32750089E-05
  1615.521  0.000154938607  6.31922594E-05
  1616.14966  0.000155114089  6.31096191E-05
  1616.77844  0.000155289206  6.30271024E-05
  1617.40771  0.000155463931  6.29446804E-05
  1618.03723  0.000155592337  6.28623602E-05
  1618.66687  0.000155662055  6.2780171E-05
  1619.29675  0.000155731585  6.26980909E-05
  1619.92688  0.00015580091  6.261612E-05
  1620.5575  0.000155869988  6.25342291E-05
  1621.18799  0.000155938906  6.24524837E-05
  1621.81897  0.000156007605  6.23708183E-05
  1622.4502  0.000156076101  6.22892694E-05
  1623.08154  0.000156144408  6.22078223E-05
  1623.71326  0.000156212496  6.21264917E-05
  1624.34509  0.00015628041  6.20452556E-05
  1624.97729  0.000156348106  6.19641287E-05
  1625.60962  0.000156415612  6.18831109E-05
  1626.24219  0.000156482944  6.18022095E-05
  1626.875  0.000156550042  6.172141E-05
  1627.50818  0.000156616923  6.16406978E-05
  1628.1416  0.000156683629  6.1560102E-05
  1628.77527  0.000156750131  6.14796081E-05
  1629.40918  0.000156816415  6.13992161E-05
  1630.04309  0.000156882568  6.1318955E-05
  1630.67749  0.000156948474  6.12387812E-05
  1631.31226  0.000157014161  6.11586875E-05
  1631.94702  0.000157079689  6.10787392E-05
  1632.58203  0.000157145027  6.0998882E-05
  1633.21741  0.000157210146  6.09191266E-05
  1633.85303  0.000157275077  6.0839473E-05
  1634.48889  0.000157339789  6.07599286E-05
  1635.125  0.000157404327  6.06804788E-05
  1635.76123  0.00015746869  6.06011454E-05
  1636.39795  0.000157532806  6.05218956E-05
  1637.03467  0.000157596762  6.0442766E-05
  1637.67188  0.000157660499  6.03637345E-05
  1638.3092  0.000157724062  6.02848049E-05
  1638.94678  0.000157787435  6.02059845E-05
  1639.58459  0.000157850605  6.01272695E-05
  1640.22266  0.000157913571  6.00486528E-05
  1640.86084  0.000157976392  5.99701489E-05
  1641.49951  0.000158038965  5.98917322E-05
  1642.13818  0.00015810116  5.9813472E-05
  1642.77747  0.000158163544  5.97352082E-05
  1643.41663  0.000158225375  5.9657159E-05
  1644.05615  0.00015827718  5.95791571E-05
  1644.69604  0.000158291776  5.95011988E-05
  1645.33606  0.000158305949  5.94234334E-05
  1645.97644  0.000158320312  5.93456862E-05
  1646.61694  0.000158334253  5.92681317E-05
  1647.25781  0.000158348208  5.9190621E-05
  1647.89893  0.000158362222  5.91131793E-05
  1648.54004  0.000158375828  5.90359268E-05
  1649.18164  0.000158389448  5.89587289E-05
  1649.82349  0.000158402952  5.88816292E-05
  1650.46545  0.00015841634  5.88046314E-05
  1651.10791  0.000158429597  5.87277282E-05
  1651.75037  0.000158442766  5.86509414E-05
  1652.39331  0.00015845579  5.85742382E-05
  1653.03638  0.000158468712  5.84976442E-05
  1653.67957  0.000158481533  5.84211557E-05
  1654.32312  0.000158494222  5.83447581E-05
  1654.96692  0.000158506809  5.82684697E-05
  1655.61096  0.000158519266  5.81922759E-05
  1656.25537  0.000158531591  5.81161694E-05
  1656.8999  0.000158543844  5.80401756E-05
  1657.54456  0.00015855598  5.79642947E-05
  1658.1897  0.000158567957  5.78884901E-05
  1658.83508  0.000158579831  5.78127874E-05
  1659.48059  0.000158591618  5.77371902E-05
  1660.12646  0.000158603259  5.76616876E-05
  1660.77246  0.000158614814  5.75862905E-05
  1661.41882  0.000158626237  5.7510988E-05
  1662.06543  0.000158637544  5.743578E-05
  1662.71216  0.000158648763  5.73606776E-05
  1663.35938  0.000158659823  5.72856661E-05
  1664.00659  0.000158670824  5.72107601E-05
  1664.65405  0.000158681709  5.71359524E-05
  1665.302  0.000158692434  5.70612356E-05
  1665.94995  0.000158703086  5.69866243E-05
  1666.59839  0.000158713592  5.69121003E-05
  1667.24695  0.000158724011  5.68376781E-05
  1667.89587  0.000158734299  5.67633506E-05
  1668.54492  0.000158744486  5.66891249E-05
  1669.19421  0.00015875457  5.66150047E-05
  1669.84375  0.000158764553  5.65409719E-05
  1670.49365  0.00015877439  5.64670299E-05
  1671.14368  0.00015875799  5.63932008E-05
  1671.79407  0.000158740862  5.6319459E-05
  1672.4447  0.000158723677  5.62458154E-05
  1673.09558  0.000158706403  5.617227E-05
  1673.7467  0.000158689058  5.60988119E-05
  1674.39819  0.000158671639  5.60254521E-05
  1675.04968  0.000158654191  5.5952205E-05
  1675.70154  0.000158636656  5.5879038E-05
  1676.35364  0.000158619048  5.58059692E-05
  1677.00598  0.000158601237  5.57330386E-05
  1677.65869  0.000158583629  5.5660119E-05
  1678.31165  0.000158565788  5.55873376E-05
  1678.96472  0.000158547788  5.55146908E-05
  1679.61804  0.000158529845  5.54421094E-05
  1680.27173  0.000158511815  5.53696082E-05
  1680.92566  0.000158493727  5.52972015E-05
  1681.57983  0.000158475581  5.52248894E-05
  1682.23425  0.000158457347  5.51526791E-05
  1682.88904  0.000158439172  5.50805198E-05
  1683.54382  0.000158420706  5.50085388E-05
  1684.1991  0.000158402268  5.4936605E-05
  1684.85449  0.000158383773  5.48647804E-05
  1685.51025  0.000158365205  5.47930249E-05
  1686.16614  0.000158346578  5.47213858E-05
  1686.82227  0.000158327908  5.46498377E-05
  1687.47876  0.000158309151  5.45783732E-05
  1688.13538  0.000158290335  5.45070106E-05
  1688.79236  0.000158271432  5.4435739E-05
  1689.44958  0.000158252471  5.43645547E-05
  1690.10706  0.000158233452  5.42934722E-05
  1690.76489  0.000158214345  5.42224734E-05
  1691.42285  0.00015819518  5.41515692E-05
  1692.08118  0.000158175942  5.40807596E-05
  1692.7395  0.000158156705  5.40100591E-05
  1693.39844  0.000158137307  5.39394205E-05
  1694.05725  0.000158117924  5.38689019E-05
  1694.71655  0.000158098424  5.37984524E-05
  1695.3761  0.000158078881  5.37281121E-05
  1696.03601  0.000158059236  5.36578482E-05
  1696.69592  0.000158039562  5.35876861E-05
  1697.35632  0.0001580198  5.3517615E-05
  1698.01685  0.00015798783  5.34476349E-05
  1698.67761  0.00015795145  5.33777529E-05
  1699.33862  0.000157915041  5.33079547E-05
  1700.  0.00015787856  5.32382401E-05
  1708.56824  0.00015740392  5.23457056E-05
  1732.38477  0.000155937581  4.99485031E-05
  1756.53333  0.000154104084  4.76241185E-05
  1781.01831  0.000151965578  4.53938483E-05
  1805.84485  0.000149585976  4.32563102E-05
  1831.01721  0.000147054918  4.12191876E-05
  1856.54065  0.00014441408  3.92780785E-05
  1882.41992  0.000141693861  3.74282681E-05
  1908.65979  0.000138917821  3.56655692E-05
  1935.2655  0.000136105344  3.39861399E-05
  1962.24194  0.000133272741  3.23858767E-05
  1989.59473  0.000130422835  3.0860796E-05
  2017.32861  0.000127587336  2.94220172E-05
  2045.44897  0.000124777493  2.80253898E-05
  2073.96143  0.000121978061  2.6681857E-05
  2102.87134  0.000119191725  2.53988819E-05
  2132.18433  0.000116431125  2.41749822E-05
  2161.90576  0.000113700487  2.30079859E-05
  2192.0415  0.000111001333  2.18933146E-05
  2222.59741  0.000108336717  2.08310321E-05
  2253.57935  0.000105712039  1.98179841E-05
  2284.99292  0.000103128848  1.88522827E-05
  2316.84448  0.000100588921  1.79319431E-05
  2349.13989  9.80935292E-05  1.70547846E-05
  2381.8855  9.56432414E-05  1.62186516E-05
  2415.08789  9.32392068E-05  1.54223271E-05
  2448.75293  9.08800648E-05  1.46637067E-05
  2482.88721  8.85684713E-05  1.39405611E-05
  2517.49707  8.63043169E-05  1.32520527E-05
  2552.58984  8.40873981E-05  1.25965671E-05
  2588.17163  8.19178458E-05  1.1972541E-05
  2624.24927  7.97958637E-05  1.13785536E-05
  2660.82983  7.77210298E-05  1.08129643E-05
  2697.92041  7.56917652E-05  1.02748709E-05
  2735.52783  7.37084047E-05  9.76239971E-06
  2773.65967  7.17709117E-05  9.27485871E-06
  2812.323  6.9878799E-05  8.81109099E-06
  2851.52539  6.80313169E-05  8.36991148E-06
  2891.27393  6.62277889E-05  7.95022152E-06
  2931.57666  6.44678003E-05  7.55104929E-06
  2972.44141  6.2749983E-05  7.17131388E-06
  3013.87549  6.10739953E-05  6.81033544E-06
  3055.88745  5.94394842E-05  6.46703074E-06
  3098.48486  5.7845562E-05  6.14060718E-06
  3141.67603  5.62914756E-05  5.83032306E-06
  3185.46924  5.47764539E-05  5.53540713E-06
  3229.8728  5.32996746E-05  5.25507221E-06
  3274.89575  5.1860603E-05  4.98865029E-06
  3320.54614  5.04579184E-05  4.735326E-06
  3366.83252  4.90913008E-05  4.49466552E-06
  3413.7644  4.77598842E-05  4.26603083E-06
  3461.35059  4.64629484E-05  4.04880575E-06
  3509.59961  4.51997767E-05  3.84241503E-06
  3558.52148  4.39695505E-05  3.64632001E-06
  3608.12549  4.27716404E-05  3.46009006E-06
  3658.4209  4.16050352E-05  3.28316582E-06
  3709.41724  4.04691564E-05  3.11512349E-06
  3761.12451  3.93633964E-05  2.95554446E-06
  3813.55249  3.82868966E-05  2.804019E-06
  3866.71143  3.72389914E-05  2.66014035E-06
  3920.61133  3.62191386E-05  2.52351788E-06
  3975.26221  3.52264688E-05  2.39382894E-06
  4030.67554  3.42603525E-05  2.2706397E-06
  4086.86084  3.33201788E-05  2.15371392E-06
  4143.82959  3.24052744E-05  2.04271623E-06
  4201.59229  3.15149773E-05  1.93735877E-06
  4260.16016  3.06487236E-05  1.83736915E-06
  4319.54443  2.98059585E-05  1.74247202E-06
  4379.75635  2.89860327E-05  1.65239453E-06
  4440.80811  2.81881585E-05  1.56691488E-06
  4502.71045  2.74120866E-05  1.48579682E-06
  4565.47559  2.66571042E-05  1.40879831E-06
  4629.11572  2.59226344E-05  1.33575804E-06
  4693.64355  2.520819E-05  1.26646432E-06
  4759.07031  2.45133069E-05  1.20071252E-06
  4825.40918  2.38374269E-05  1.13832982E-06
  4892.67285  2.31799222E-05  1.07917162E-06
  4960.87402  2.25405493E-05  1.02302147E-06
  5030.02588  2.19185822E-05  9.69769189E-07
  5100.14209  2.13137191E-05  9.19263982E-07
  5171.23486  2.07254889E-05  8.71349187E-07
  5243.31885  2.01533785E-05  8.25899519E-07
  5316.4082  1.9596946E-05  7.82807263E-07
  5390.51611  1.90557803E-05  7.41941847E-07
  5465.65723  1.85296703E-05  7.03188618E-07
  5541.84521  1.80179886E-05  6.66414792E-07
  5619.09521  1.75203404E-05  6.31561136E-07
  5697.42285  1.70363983E-05  5.98521183E-07
  5776.8418  1.65658621E-05  5.6719125E-07
  5857.36768  1.61083663E-05  5.37484993E-07
  5939.01611  1.56634214E-05  5.09319193E-07
  6021.80273  1.52307666E-05  4.82591474E-07
  6105.74316  1.48100598E-05  4.5728504E-07
  6190.85449  1.440097E-05  4.33277251E-07
  6277.15186  1.40031798E-05  4.10516463E-07
  6364.65137  1.36163799E-05  3.88944017E-07
  6453.37158  1.32402811E-05  3.68494966E-07
  6543.32812  1.28746251E-05  3.49113293E-07
  6634.53809  1.25189927E-05  3.30740789E-07
  6727.02051  1.21732564E-05  3.1332965E-07
  6820.7915  1.18371318E-05  2.96824652E-07
  6915.86914  1.15102594E-05  2.81183759E-07
  7012.27295  1.11924155E-05  2.66361127E-07
  7110.02002  1.08834083E-05  2.52313498E-07
  7209.12988  1.05829695E-05  2.39001253E-07
  7309.62109  1.02907643E-05  2.26385623E-07
  7411.51318  1.00067573E-05  2.14430472E-07
  7514.82617  9.73053284E-06  2.03101607E-07
  7619.57861  9.46196633E-06  1.9236677E-07
  7725.79102  9.20086404E-06  1.82196032E-07
  7833.48438  8.94699133E-06  1.7255887E-07
  7942.67969  8.70012082E-06  1.63427472E-07
  8053.396  8.46006878E-06  1.54778249E-07
  8165.65625  8.22674156E-06  1.46582479E-07
  8279.48047  7.99980535E-06  1.38816006E-07
  8394.89258  7.77915557E-06  1.31459956E-07
  8511.91211  7.56463487E-06  1.24489873E-07
  8630.56348  7.35604954E-06  1.17886771E-07
  8750.86914  7.15322676E-06  1.11633433E-07
  8872.85156  6.95603421E-06  1.0570988E-07
  8996.53418  6.76431819E-06  1.00097587E-07
  9121.94141  6.5778836E-06  9.47805461E-08
  9249.0957  6.39658947E-06  8.97452423E-08
  9378.02344  6.22033986E-06  8.49759729E-08
  9508.74805  6.04895968E-06  8.04593725E-08
  9641.29492  5.88230205E-06  7.61818484E-08
  9775.68848  5.72028921E-06  7.21292253E-08
  9911.95703  5.56273744E-06  6.82934527E-08
  10050.125  5.40952442E-06  6.46583516E-08
  10190.2178  5.26058875E-06  6.12157365E-08
  10332.2637  5.11574308E-06  5.79553401E-08
  10476.29  4.97490646E-06  5.48679999E-08
  10622.3232  4.83797976E-06  5.19445749E-08
  10770.3926  4.70482018E-06  4.91758385E-08
  10920.5264  4.57532587E-06  4.65541632E-08
  11072.7529  4.44942498E-06  4.40715162E-08
  11227.1006  4.32701245E-06  4.17204831E-08
  11383.6006  4.20797187E-06  3.94942532E-08
  11542.2822  4.09221911E-06  3.73865099E-08
  11703.1748  3.97966414E-06  3.53910643E-08
  11866.3105  3.87021009E-06  3.35016708E-08
  12031.7207  3.76378625E-06  3.17125348E-08
  12199.4365  3.66031168E-06  3.00189633E-08
  12369.4902  3.55968155E-06  2.84150996E-08
  12541.9141  3.46181832E-06  2.68969593E-08
  12716.7412  3.36665858E-06  2.54597126E-08
  12894.0059  3.27413181E-06  2.40991653E-08
  13073.7412  3.18416051E-06  2.28111681E-08
  13255.9824  3.09666325E-06  2.15916032E-08
  13440.7637  3.01158821E-06  2.04373709E-08
  13628.1211  2.92885011E-06  1.93444727E-08
  13818.0889  2.84840007E-06  1.83101516E-08
  14010.7061  2.77016329E-06  1.73309775E-08
  14206.0068  2.6940761E-06  1.64041456E-08
  14404.0312  2.62008894E-06  1.55268989E-08
  14604.8164  2.54815382E-06  1.46964787E-08
  14808.3994  2.47818048E-06  1.39107206E-08
  15014.8203  2.41014391E-06  1.31667335E-08
  15224.1182  2.34398863E-06  1.24621184E-08
  15436.335  2.2796512E-06  1.17952101E-08
  15651.5098  2.21708729E-06  1.11640182E-08
  15869.6816  2.15624254E-06  1.05666365E-08
  16090.8965  2.09706377E-06  1.00013198E-08
  16315.1953  2.03953073E-06  9.46635215E-09
  16542.6191  1.98357634E-06  8.95994123E-09
  16773.2148  1.92915672E-06  8.48071569E-09
  17007.0254  1.87623891E-06  8.02716027E-09
  17244.0938  1.82477629E-06  7.59794538E-09
  17484.4668  1.77472521E-06  7.19183202E-09
  17728.1914  1.72604962E-06  6.80754031E-09
  17975.3125  1.67871735E-06  6.44382681E-09
  18225.8789  1.63268317E-06  6.09970208E-09
  18479.9375  1.58792091E-06  5.7740257E-09
  18737.5371  1.54438669E-06  5.46584022E-09
  18998.7285  1.50204596E-06  5.17425436E-09
  19263.5605  1.46087029E-06  4.89835283E-09
  19532.084  1.42082865E-06  4.63730432E-09
  19804.3516  1.3818842E-06  4.39019843E-09
  20080.4141  1.3440075E-06  4.15544132E-09
  20360.3223  1.30717751E-06  3.93419253E-09
  20644.1348  1.27135672E-06  3.72498676E-09
  20931.9023  1.23651751E-06  3.52718321E-09
  21223.6816  1.20263712E-06  3.3401597E-09
  21519.5293  1.16968874E-06  3.1633165E-09
  21819.5  1.13764293E-06  2.99610647E-09
  22123.6523  1.10647534E-06  2.83797918E-09
  22432.0449  1.07616859E-06  2.68845213E-09
  22744.7324  1.04669232E-06  2.54706234E-09
  23061.7832  1.018023E-06  2.4133644E-09
  23383.252  9.90142553E-07  2.28693686E-09
  23709.2012  9.63026196E-07  2.16738294E-09
  24039.6953  9.36649997E-07  2.05432693E-09
  24374.7949  9.1100128E-07  1.94741423E-09
  24714.5664  8.8606032E-07  1.84630689E-09
  25059.0742  8.61797105E-07  1.75069681E-09
  25408.3848  8.38201856E-07  1.66026604E-09
  25762.5645  8.15257124E-07  1.57474123E-09
  26121.6797  7.92940455E-07  1.49385637E-09
  26485.8008  7.71233204E-07  1.41735468E-09
  26855.  7.50123661E-07  1.34500799E-09
  27229.3438  7.29591932E-07  1.2765734E-09
  27608.9062  7.09622213E-07  1.21184474E-09
  27993.7598  6.90199045E-07  1.15061538E-09
  28383.9766  6.71310488E-07  1.0926986E-09
  28779.6348  6.52940287E-07  1.03791065E-09
  29180.8066  6.35072865E-07  9.86082216E-10
  29587.5723  6.17692933E-07  9.37052547E-10
  30000.0059  6.00782073E-07  8.90665874E-10