 Cu Density=8.96
 Energy(eV), Delta, Beta
  30.  0.110663109  0.314656973
  30.4181843  0.11390207  0.310974568
  30.8421955  0.118048452  0.307305813
  31.2721214  0.123551734  0.303227276
  31.7080383  0.128589034  0.294532269
  32.150032  0.131670222  0.286086321
  32.5981827  0.13402237  0.277882874
  33.0525818  0.136303753  0.269843906
  33.5133171  0.138191909  0.260877669
  33.9804764  0.139020771  0.25080812
  34.4541473  0.138507277  0.241126969
  34.9344177  0.137100145  0.231820285
  35.4213829  0.134910762  0.22287266
  35.9151382  0.132040635  0.214270055
  36.4157791  0.128342241  0.205999374
  36.9233932  0.123542354  0.198894709
  37.4380875  0.118471146  0.193362668
  37.9599533  0.114517331  0.188885733
  38.4890938  0.111044474  0.184511885
  39.0256119  0.107796311  0.180239961
  39.5696068  0.104627505  0.176066652
  40.1211853  0.101451047  0.171990111
  40.6804543  0.0980832502  0.168007821
  41.2475166  0.0944437012  0.164541259
  41.8224831  0.090808779  0.1619578
  42.405468  0.0879156217  0.159751713
  42.9965744  0.0854851678  0.157575577
  43.5959282  0.0833039135  0.15542905
  44.2036324  0.0813222751  0.153311729
  44.8198051  0.0795153752  0.151223361
  45.4445686  0.0778686702  0.149163261
  46.0780411  0.0763857886  0.147131175
  46.7203445  0.0750924274  0.14510566
  47.3715973  0.0740389675  0.142901167
  48.0319328  0.0728718787  0.140583321
  48.7014732  0.0716755763  0.138292849
  49.3803444  0.0704880953  0.13603954
  50.0686798  0.0693229735  0.133822903
  50.7666092  0.0681829304  0.131642461
  51.4742699  0.0670693666  0.129497617
  52.1917915  0.0659822598  0.127387866
  52.9193192  0.0649171546  0.125312492
  53.6569862  0.063855648  0.123291969
  54.4049339  0.0628420934  0.121330351
  55.163311  0.0618800148  0.119410783
  55.9322586  0.0609606728  0.117521547
  56.7119217  0.0600789376  0.115662321
  57.5024567  0.0592341162  0.113832332
  58.3040123  0.0584333725  0.11203137
  59.1167336  0.0576779656  0.110259034
  59.9407921  0.0569862984  0.108511239
  60.7763329  0.0563273318  0.106724419
  61.6235237  0.0556692109  0.104914144
  62.4825172  0.0550014451  0.103134558
  63.3534927  0.0543379523  0.101384953
  64.2366028  0.0536916628  0.0996652618
  65.1320343  0.0530681722  0.0979746655
  66.0399323  0.0524713919  0.0963126943
  66.960495  0.0519118719  0.0946789533
  67.8938904  0.0514197238  0.0930728912
  68.8402939  0.050992962  0.09142223
  69.7998886  0.0505659729  0.0896129534
  70.7728577  0.0500383042  0.0878143013
  71.7593994  0.049450513  0.0860517025
  72.7596817  0.0488363244  0.0843245685
  73.7739182  0.0482023135  0.0826321021
  74.8022842  0.047551766  0.0809735581
  75.844986  0.0468856469  0.0793483034
  76.9022217  0.0462010279  0.0777586028
  77.9741974  0.0454885438  0.0762154385
  79.0611115  0.0447926261  0.0747403949
  80.1631851  0.0441052467  0.0732938647
  81.2806168  0.0434198417  0.0718753263
  82.4136276  0.0427294448  0.0704841986
  83.5624237  0.0420210436  0.0691200271
  84.7272415  0.0412820764  0.0678042844
  85.9082947  0.0405180715  0.0665987954
  87.1058121  0.0398412608  0.0654759854
  88.320015  0.0392105617  0.0643721819
  89.5511475  0.0386097692  0.0632869601
  90.7994385  0.0380320065  0.0622199811
  92.0651398  0.0374720693  0.0611710027
  93.3484802  0.0369234234  0.060139738
  94.649704  0.0363791436  0.0591305159
  95.9690704  0.0358466692  0.0581816621
  97.3068314  0.0353586674  0.0572596528
  98.6632385  0.0349023938  0.056352973
  100.038544  0.0344716497  0.0554606952
  101.433029  0.0340636671  0.0545825958
  102.846954  0.0336778089  0.0537183657
  104.280579  0.033314582  0.0528676435
  105.734192  0.0329773091  0.0520306751
  107.208076  0.0326868147  0.0511860736
  108.702492  0.0323897451  0.0503281876
  110.217751  0.0320936479  0.0494789295
  111.754128  0.0318042599  0.0486439206
  113.311913  0.0315252841  0.0478230156
  114.891418  0.0312591866  0.0470159836
  116.492943  0.0310080629  0.0462227203
  118.116798  0.0307813529  0.0454425924
  119.763275  0.0305841938  0.0446759649
  121.432716  0.0304454938  0.0439167619
  123.125427  0.0303186942  0.0430827774
  124.841721  0.0301646106  0.0421964563
  126.581955  0.029974658  0.0413284414
  128.346436  0.0297647547  0.0404783674
  130.135513  0.029548144  0.0396456011
  131.949539  0.0293301307  0.0388300717
  133.788834  0.0291138981  0.0380311571
  135.653778  0.0289020892  0.0372488238
  137.544724  0.0286978129  0.036482688
  139.462021  0.0285047386  0.0357321911
  141.406052  0.0283280108  0.0349970125
  143.377167  0.0281797741  0.0342769921
  145.375778  0.0281435922  0.0335551798
  147.402222  0.0280670803  0.0326795764
  149.45694  0.0279193874  0.0317861512
  151.540268  0.0277199056  0.03091719
  153.652664  0.0274927448  0.0300720911
  155.794495  0.0272475667  0.0292500854
  157.966202  0.0269905515  0.0284505524
  160.168167  0.0267269555  0.0276728775
  162.400818  0.026460629  0.0269163027
  164.664597  0.0261958484  0.0261805039
  166.95993  0.0259385649  0.0254648793
  169.287262  0.025707772  0.0247688107
  171.647034  0.0255108587  0.0240645632
  174.039703  0.0253090374  0.0232802071
  176.465729  0.0250371657  0.0224926118
  178.925552  0.0247316491  0.0217316989
  181.419678  0.0244065356  0.0209964905
  183.948563  0.0240680911  0.0202861857
  186.512726  0.0237204786  0.0195999593
  189.112595  0.023367038  0.0189369265
  191.748734  0.0230107345  0.0182961784
  194.4216  0.0226546321  0.017677296
  197.131729  0.0223088395  0.0170793161
  199.879639  0.0219688863  0.016472714
  202.665863  0.021615142  0.015870126
  205.490906  0.0212444812  0.0152839217
  208.355347  0.0208628438  0.0147193912
  211.259705  0.0204754621  0.0141757037
  214.204544  0.02008087  0.013652131
  217.190445  0.019686712  0.013159859
  220.217957  0.019298505  0.0126863336
  223.287674  0.0189150665  0.0122300116
  226.400192  0.01853594  0.0117900912
  229.556091  0.0181612242  0.0113659743
  232.755981  0.0177912414  0.0109571172
  236.000458  0.0174262635  0.0105629759
  239.290176  0.0170668643  0.0101830382
  242.625763  0.0167171247  0.00981676392
  246.007828  0.0163717754  0.00945524964
  249.437057  0.016027661  0.0091032302
  252.914062  0.0156850051  0.008763914
  256.439545  0.0153455893  0.0084372526
  260.01416  0.015010234  0.00812275149
  263.638641  0.0146791246  0.00781997573
  267.313599  0.0143527072  0.0075284997
  271.039825  0.0140313581  0.00724787731
  274.817963  0.0137151964  0.00697771506
  278.648773  0.0134043917  0.0067176288
  282.53299  0.0130990902  0.00646723714
  286.471375  0.0127993673  0.00622617314
  290.4646  0.0125053525  0.00599410012
  294.513519  0.0122170737  0.00577067351
  298.618896  0.0119349454  0.00555557897
  302.781494  0.011661591  0.00534741441
  307.002106  0.0113936374  0.00514322752
  311.281525  0.011128067  0.00494353147
  315.620605  0.0108650792  0.00475157937
  320.020203  0.0106062498  0.0045670853
  324.48111  0.0103516523  0.00438974611
  329.004181  0.0101016965  0.00421930803
  333.590363  0.0098565612  0.00405547814
  338.240417  0.00961625017  0.00389800523
  342.955322  0.00938077644  0.00374665251
  347.735901  0.00915021356  0.00360118365
  352.58316  0.0089245867  0.00346135208
  357.497986  0.008704165  0.00332695409
  362.481323  0.00848857313  0.00319686951
  367.534119  0.00827724114  0.00307138381
  372.657349  0.00807019603  0.00295069814
  377.85199  0.00786758587  0.00283475942
  383.119019  0.00766952056  0.00272337231
  388.459473  0.0074760383  0.00261636032
  393.87439  0.00728722615  0.0025135586
  399.364807  0.00710324012  0.00241479278
  404.931732  0.00692539243  0.00231990917
  410.576233  0.00675410964  0.00222582207
  416.299469  0.00658549694  0.00213106512
  422.102448  0.0064169718  0.00203726813
  427.986359  0.00624962803  0.00194759632
  433.95224  0.00608441699  0.00186186645
  440.001282  0.00592138059  0.00177991937
  446.134674  0.00576091744  0.0017015771
  452.353577  0.00560304103  0.00162668037
  458.659119  0.00544536766  0.00155613839
  465.052582  0.00528976414  0.00149196363
  471.535156  0.00514075765  0.00143459416
  478.108093  0.00499841338  0.00137943064
  484.772644  0.00486061256  0.00132638484
  491.530151  0.00472704787  0.00127538259
  498.381775  0.00459752185  0.001226341
  505.328979  0.00447305664  0.00117859838
  512.372986  0.00435233116  0.00113100244
  519.515198  0.00423328672  0.00108348567
  526.756958  0.00411581388  0.0010379625
  534.09967  0.0040007513  0.000994355534
  541.544739  0.00388817512  0.00095257652
  549.093506  0.00377816847  0.000912556832
  556.74762  0.00367073249  0.000874216727
  564.508362  0.00356585463  0.000837487052
  572.377319  0.0034636748  0.000802301278
  580.355957  0.0033643872  0.000768423779
  588.445801  0.00326744118  0.00073482655
  596.648438  0.0031717883  0.00070216693
  604.965332  0.00307791494  0.000670941896
  613.398315  0.00298591726  0.000641104649
  621.948669  0.00289583579  0.000612594944
  630.618347  0.00280769914  0.000585352303
  639.408813  0.0027215716  0.00055927271
  648.321838  0.00263752951  0.000534121355
  657.35907  0.00255460315  0.000509414007
  666.522278  0.0024729888  0.000485847821
  675.813293  0.0023927344  0.000463371864
  685.233704  0.00231381669  0.000441936107
  694.785522  0.00223597209  0.000421491684
  704.470398  0.00215896918  0.000402271951
  714.290344  0.00208303961  0.000384959189
  724.247192  0.00200918247  0.000369386486
  734.342834  0.00193697365  0.000354443619
  744.579163  0.00186612213  0.000340105238
  754.958191  0.00179639331  0.000326347246
  765.481934  0.00172766345  0.000313146011
  776.152344  0.00165984151  0.000300358515
  786.971436  0.00159266649  0.000287675444
  797.941406  0.00152490288  0.000274761289
  809.06427  0.00145599816  0.000262426911
  820.342224  0.00138601614  0.000250645971
  831.777283  0.00131436414  0.000239394489
  843.371826  0.00124063191  0.000228647987
  855.127991  0.00116349047  0.000217784545
  867.047974  0.00108026073  0.000206118071
  879.134155  0.000987411826  0.000194879874
  891.388855  0.000874748337  0.00018470778
  903.814331  0.000731789973  0.000175788213
  910.  0.000637505029  0.000170390791
  910.07843  0.000635742617  0.000170292304
  910.15686  0.000633989985  0.000170194267
  910.235413  0.000632228621  0.000170095867
  910.313843  0.000630468072  0.000169997569
  910.392395  0.000628707872  0.000169899271
  910.470825  0.000626948487  0.000169801104
  910.549316  0.000625189568  0.000169702937
  910.627747  0.000623440486  0.00016960525
  910.706299  0.000621682731  0.000169507213
  910.784851  0.000619925617  0.000169409221
  910.863403  0.000618169026  0.000169311286
  910.941833  0.00061642233  0.000169213818
  911.020386  0.000614666904  0.000169116014
  911.098877  0.000612912176  0.000169018269
  911.177429  0.000611157971  0.000168920582
  911.256104  0.000609404291  0.000168822909
  911.334656  0.000607651251  0.000168725324
  911.413147  0.000605908048  0.00016862819
  911.491699  0.00060415623  0.000168530751
  911.570374  0.00060240482  0.000168433296
  911.648926  0.000600654224  0.000168335973
  911.727539  0.000598913175  0.000168239043
  911.806091  0.000597163744  0.000168141807
  911.884766  0.000595414778  0.0001680446
  911.963257  0.000593666569  0.00016794751
  912.041931  0.000591927906  0.000167850798
  912.120605  0.000590180629  0.000167753766
  912.199219  0.000588434108  0.000167656806
  912.277893  0.000586688053  0.000167559891
  912.356506  0.000584942754  0.000167463062
  912.435181  0.000583206944  0.000167366627
  912.513794  0.000581462809  0.0001672699
  912.592468  0.000579719082  0.000167173202
  912.671143  0.000577975996  0.000167076578
  912.749878  0.000576233433  0.000166979982
  912.828491  0.000574500707  0.000166883867
  912.907288  0.000572759251  0.000166787373
  912.985901  0.000571018667  0.000166690996
  913.064697  0.000569278433  0.000166594618
  913.143311  0.000567548035  0.000166498736
  913.222107  0.000565808965  0.000166402475
  913.300842  0.000564070477  0.000166306287
  913.379578  0.000562332687  0.000166210171
  913.458252  0.000560595538  0.000166114129
  913.536987  0.000558867992  0.000166018479
  913.615784  0.000557131832  0.000165922509
  913.694519  0.000555396371  0.000165826612
  913.773376  0.000553661317  0.000165730729
  913.852112  0.000551927078  0.000165634949
  913.930908  0.000550202327  0.000165539561
  914.009644  0.000548469252  0.000165443897
  914.088501  0.000546736526  0.000165348247
  914.167297  0.000545004557  0.000165252684
  914.246155  0.000543273112  0.000165157151
  914.32489  0.000541551388  0.000165062098
  914.403748  0.000539821049  0.000164966666
  914.482544  0.000538091408  0.000164871337
  914.561401  0.000536362291  0.000164776022
  914.640259  0.000534633757  0.00016468078
  914.719116  0.000532914826  0.000164585974
  914.797974  0.000531187456  0.000164490833
  914.876831  0.000529460667  0.000164395751
  914.955688  0.000527734461  0.000164300727
  915.034607  0.000526008778  0.000164205747
  915.113464  0.000524292816  0.000164111218
  915.192322  0.000522568356  0.000164016383
  915.271301  0.00052084442  0.000163921533
  915.350159  0.000519121124  0.0001638268
  915.429138  0.000517398294  0.000163732082
  915.507996  0.000515685242  0.000163637829
  915.586975  0.000513963634  0.000163543242
  915.665833  0.000512242666  0.000163448742
  915.744812  0.000510522223  0.000163354227
  915.823792  0.000508811325  0.000163260178
  915.902771  0.000507092045  0.000163165794
  915.981628  0.000505373406  0.000163071527
  916.060608  0.000503655348  0.00016297726
  916.139587  0.000501937757  0.000162883065
  916.218506  0.000500229886  0.000162789293
  916.297607  0.000498513342  0.000162695156
  916.376587  0.000496797613  0.000162601136
  916.455566  0.000495082408  0.000162507145
  916.534546  0.000493376749  0.000162413591
  916.613647  0.000491662591  0.000162319702
  916.692566  0.000489949191  0.000162225901
  916.771667  0.000488236168  0.000162132099
  916.850647  0.000486523873  0.000162038414
  916.929749  0.000484812044  0.000161944728
  917.008789  0.000483109849  0.000161851494
  917.087769  0.0004813993  0.000161757984
  917.16687  0.000479689217  0.000161664459
  917.245972  0.000477979687  0.000161570992
  917.325012  0.000476279849  0.00016147799
  917.404114  0.000474571454  0.000161384654
  917.483215  0.0004728637  0.000161291362
  917.562256  0.000471156556  0.000161198142
  917.641357  0.000469458988  0.00016110533
  917.720581  0.000467752805  0.000161012169
  917.799622  0.000466047437  0.000160919124
  917.878723  0.000464342593  0.000160826123
  917.957886  0.000462638243  0.000160733151
  918.036987  0.000460943498  0.000160640629
  918.116211  0.000459240255  0.000160547745
  918.195374  0.000457537652  0.000160454932
  918.274475  0.000455835718  0.000160362222
  918.353638  0.00045413425  0.000160269527
  918.432861  0.000452433334  0.00016017686
  918.512024  0.000450742024  0.000160084659
  918.591248  0.000449042273  0.000159992109
  918.67041  0.000447343133  0.000159899631
  918.749573  0.000445644604  0.000159807227
  918.828796  0.000443955534  0.000159715215
  918.907959  0.00044225817  0.000159622927
  918.987183  0.000440561271  0.000159530653
  919.066467  0.000438864954  0.000159438423
  919.145691  0.000437169219  0.000159346251
  919.224976  0.000435483002  0.000159254501
  919.304138  0.000433788431  0.00015916246
  919.383423  0.000432094443  0.000159070478
  919.462646  0.000430401036  0.000158978539
  919.541931  0.000428717118  0.000158887007
  919.621216  0.000427024788  0.000158795156
  919.700562  0.000425333012  0.000158703333
  919.779846  0.000423641846  0.000158611612
  919.859131  0.000421951263  0.000158519935
  919.938416  0.000420261291  0.000158428302
  920.017761  0.000418580748  0.00015833709
  920.097046  0.000416891882  0.000158245573
  920.176331  0.000415203627  0.000158154129
  920.255615  0.000413524831  0.000158063078
  920.335022  0.000411837624  0.000157971692
  920.414368  0.000410151028  0.000157880379
  920.493774  0.000408464926  0.000157789109
  920.573059  0.000406779553  0.000157697927
  920.652466  0.000405094615  0.000157606773
  920.73175  0.000403419283  0.000157516042
  920.811157  0.00040173551  0.000157424991
  920.890564  0.000400052319  0.000157333983
  920.969971  0.000398369681  0.000157243048
  921.049377  0.000396687625  0.000157152142
  921.128784  0.000395015028  0.000157061644
  921.208191  0.000393334136  0.000156970869
  921.287598  0.000391653768  0.000156880153
  921.367004  0.00038997404  0.000156789465
  921.446411  0.000388303743  0.000156699214
  921.525818  0.000386625121  0.000156608643
  921.605347  0.000384946965  0.000156518101
  921.684753  0.000383269507  0.000156427632
  921.764282  0.000381592487  0.000156337192
  921.843689  0.00037992507  0.000156247203
  921.923218  0.000378249213  0.000156156879
  922.002625  0.000376574026  0.000156066642
  922.082092  0.000374899362  0.00015597645
  922.161621  0.000373225223  0.000155886271
  922.24115  0.000371560513  0.000155796501
  922.320679  0.000369887537  0.000155706439
  922.400208  0.000368215085  0.00015561645
  922.479675  0.000366543303  0.000155526504
  922.559204  0.000364871987  0.000155436603
  922.638733  0.000361678452  0.000155347123
  922.718262  0.000348458911  0.000155257323
  922.797852  0.000335243909  0.000155167567
  922.87738  0.000322033447  0.000155077898
  922.956909  0.000308900257  0.000154988607
  923.03656  0.000295698817  0.000154898982
  923.116028  0.000282502035  0.000154809473
  923.195679  0.000269309705  0.000154719964
  923.275269  0.000256121944  0.000154630528
  923.354797  0.000243011353  0.000154541514
  923.434448  0.000229832644  0.00015445218
  923.514038  0.000216658518  0.000154362919
  923.593689  0.000203488875  0.000154273672
  923.67334  0.000190323786  0.000154184498
  923.75293  0.000177235779  0.000154095746
  923.832581  0.000164079742  0.000154006644
  923.91217  0.000150928288  0.000153917659
  923.991943  0.000137781273  0.000153828631
  924.071533  0.000124638857  0.000153739733
  924.151184  0.000111573419  0.000153651228
  924.230896  9.84400031E-05  0.000153562389
  924.310547  8.53111487E-05  0.000153473637
  924.390259  7.21867909E-05  0.000153384928
  924.46991  5.91393837E-05  0.000153296613
  924.549622  4.60240699E-05  0.000153207991
  924.629333  3.29132745E-05  0.000153119443
  924.709106  1.98069938E-05  0.000153030895
  924.788696  6.77760636E-06  0.000152942826
  924.868469 -6.3196494E-06  0.000152854409
  924.948181 -1.94123895E-05  0.000152766064
  925.028015 -3.25006113E-05  0.000152677734
  925.107727 -4.55843219E-05  0.000152589491
  925.1875 -5.86635178E-05  0.000152501278
  925.267212 -7.16659124E-05  0.000152413471
  925.346924 -8.47361225E-05  0.000152325389
  925.426758 -9.78017852E-05  0.000152237335
  925.506531 -0.000110862966  0.000152149325
  925.586365 -0.000123919614  0.000152061373
  925.666077 -0.000136899573  0.000151973843
  925.745911 -0.000149947227  0.000151885964
  925.825806 -0.000162990385  0.000151798173
  925.905518 -0.000176029091  0.000151710454
  925.985352 -0.000188991078  0.000151623099
  926.065186 -0.000202020747  0.000151535452
  926.14502 -0.000215045919  0.00015144785
  926.224854 -0.000228066609  0.000151360306
  926.304749 -0.000241082787  0.000151272805
  926.384583 -0.000254022365  0.000151185697
  926.464539 -0.000267029536  0.000151098298
  926.544373 -0.000280032255  0.000151010958
  926.624207 -0.00029303052  0.000150923675
  926.704163 -0.000306024216  0.000150836422
  926.783997 -0.000318941456  0.000150749591
  926.863953 -0.000331926189  0.000150662425
  926.943787 -0.000344906497  0.000150575361
  927.023743 -0.000357882294  0.000150488311
  927.103699 -0.000370853551  0.00015040132
  927.183533 -0.000383748498  0.000150314736
  927.263489 -0.00039671085  0.000150227846
  927.343445 -0.00040966869  0.000150141001
  927.423401 -0.000422622077  0.000150054198
  927.503296 -0.000435499125  0.000149967833
  927.583252 -0.000448443607  0.000149881147
  927.663208 -0.000461383548  0.00014979449
  927.743286 -0.000474319007  0.000149707892
  927.823242 -0.000487250043  0.000149621352
  927.903198 -0.000500104798  0.000149535219
  927.983215 -0.00051302684  0.000149448781
  928.063171 -0.000525944517  0.0001493624
  928.14325 -0.000538857596  0.000149276035
  928.223206 -0.000551766367  0.000149189771
  928.303284 -0.000564598769  0.000149103842
  928.383301 -0.000577498518  0.000149017666
  928.463257 -0.000590393902  0.000148931562
  928.543335 -0.000603284745  0.000148845458
  928.623352 -0.000616099394  0.000148759762
  928.70343 -0.000628981332  0.00014867376
  928.783508 -0.000641858787  0.000148587831
  928.863586 -0.000654731761  0.000148501931
  928.943726 -0.00066760031  0.00014841606
  929.023804 -0.000680464378  0.000148330277
  929.103821 -0.000693252485  0.000148244901
  929.184021 -0.000706107472  0.000148159175
  929.264038 -0.000718958327  0.000148073566
  929.344116 -0.000731733046  0.000147988307
  929.424316 -0.000744574761  0.000147902741
  929.504456 -0.000757412228  0.000147817249
  929.584534 -0.000770245271  0.000147731829
  929.664673 -0.000783073774  0.000147646424
  929.744873 -0.000795897795  0.000147561077
  929.825012 -0.000808645796  0.000147476094
  929.905212 -0.00082146097  0.000147390849
  929.985352 -0.000834271719  0.000147305647
  930.065491 -0.000847078103  0.000147220519
  930.145691 -0.000859880005  0.000147135419
  930.22583 -0.000872605946  0.000147050712
  930.30603 -0.000885398942  0.0001469657
  930.386292 -0.000898187398  0.000146880731
  930.466492 -0.000910971547  0.000146795835
  930.546753 -0.000923751213  0.000146710969
  930.626892 -0.000936455093  0.000146626509
  930.707153 -0.000949225971  0.000146541744
  930.787354 -0.000961992424  0.000146457067
  930.867615 -0.000974754279  0.000146372375
  930.947876 -0.000987440464  0.000146288105
  931.028198 -0.00100019341  0.000146203514
  931.108459 -0.00101294217  0.000146118997
  931.188721 -0.00102568651  0.000146034537
  931.268982 -0.00103842642  0.000145950136
  931.349304 -0.00105116179  0.000145865764
  931.429565 -0.00106382149  0.0001457818
  931.509827 -0.00107654824  0.00014569753
  931.590088 -0.00108927046  0.000145613318
  931.670471 -0.00110198813  0.00014552912
  931.750793 -0.00111463014  0.00014544533
  931.831177 -0.00112733897  0.000145361249
  931.911438 -0.00114004361  0.000145277256
  931.991821 -0.0011527437  0.000145193262
  932.072083 -0.00116536836  0.000145109676
  932.152466 -0.00117805961  0.000145025799
  932.232849 -0.00119074644  0.000144941951
  932.313232 -0.00120342884  0.000144858161
  932.393616 -0.00121610693  0.000144774429
  932.473999 -0.0012164095  0.000320063788
  932.554382 -0.00121567189  0.0007602158
  932.634766 -0.00120548077  0.00124357129
  932.715149 -0.00118281157  0.0012431551
  932.795532 -0.00116015016  0.00124273868
  932.876038 -0.0011376203  0.00124232343
  932.956421 -0.00111497426  0.00124190771
  933.036804 -0.00109233626  0.00124149187
  933.11731 -0.0010697057  0.00124107604
  933.197693 -0.00104720716  0.00124066172
  933.278198 -0.00102459197  0.001240246
  933.358643 -0.00100198493  0.00123983086
  933.439026 -0.000979385688  0.00123941584
  933.519531 -0.000956794014  0.00123900059
  933.600037 -0.000934334006  0.00123858696
  933.680542 -0.000911757874  0.00123817206
  933.760986 -0.000889189541  0.0012377575
  933.841492 -0.000866629009  0.00123734318
  933.921997 -0.000844076043  0.00123692874
  934.002625 -0.000821530819  0.0012365143
  934.083069 -0.000799117261  0.00123610161
  934.163574 -0.000776587636  0.00123568752
  934.244202 -0.000754065637  0.00123527367
  934.324707 -0.000731551496  0.00123485993
  934.405151 -0.000709168962  0.00123444782
  934.485779 -0.00068667013  0.00123403454
  934.566345 -0.000664179213  0.00123362103
  934.646851 -0.000641696039  0.00123320799
  934.727478 -0.000619344006  0.00123279635
  934.808044 -0.000596876256  0.00123238342
  934.888672 -0.00057441619  0.00123197061
  934.969299 -0.000551963865  0.00123155804
  935.049866 -0.000529519282  0.00123114558
  935.130493 -0.000507082383  0.00123073347
  935.21106 -0.000484776683  0.00123032252
  935.291687 -0.000462355267  0.00122991053
  935.372375 -0.000439941447  0.00122949865
  935.453003 -0.000417535426  0.00122908689
  935.533569 -0.000395260548  0.00122867653
  935.614319 -0.000372869836  0.001228265
  935.695007 -0.000350486895  0.00122785347
  935.775635 -0.000328111724  0.00122744264
  935.856323 -0.000305744208  0.00122703146
  935.937012 -0.00028350763  0.00122662168
  936.017639 -0.000261155539  0.00122621108
  936.098328 -0.000238811132  0.00122580049
  936.179016 -0.000216474422  0.00122539001
  936.259766 -0.000194145352  0.00122497964
  936.340454 -0.000171947147  0.00122457056
  936.421204 -0.000149633459  0.00122416019
  936.502014 -0.000127327454  0.00122375041
  936.582703 -0.000105029176  0.00122334063
  936.663391 -8.28616321E-05  0.00122293213
  936.744141 -6.05786736E-05  0.0012225227
  936.824951 -3.83033985E-05  0.00122211315
  936.90564 -1.60358104E-05  0.0012217043
  936.98645  6.2241088E-06  0.00122129498
  937.067261  2.83534009E-05  0.00122088694
  937.14801  5.05979951E-05  0.00122047833
  937.228821  7.28349114E-05  0.00122006948
  937.309631  9.50641552E-05  0.00121966086
  937.390442  0.000117285737  0.00121925259
  937.471252  0.000139376818  0.00121884537
  937.552063  0.000161367308  0.0012184371
  937.632874  0.000164040859  0.0012180293
  937.713745  0.000166713493  0.00121762126
  937.794556  0.000169385195  0.00121721334
  937.875488  0.000172041022  0.00121680694
  937.956299  0.000174710905  0.00121639948
  938.037109  0.000177379843  0.00121599215
  938.118042  0.00018004782  0.00121558469
  938.198853  0.000182700038  0.00121517922
  938.279785  0.000185366152  0.00121477188
  938.360718  0.000188031365  0.00121436489
  938.441528  0.000190695704  0.0012139586
  938.522461  0.000193359068  0.00121355208
  938.603394  0.000196021516  0.00121314544
  938.684265  0.000198668204  0.00121274043
  938.765198  0.000201328789  0.00121233438
  938.84613  0.000203988471  0.00121192832
  938.927063  0.000206647252  0.00121152238
  939.007996  0.000209290214  0.00121111784
  939.088928  0.000211947146  0.00121071248
  939.169983  0.000214603104  0.00121030665
  939.250916  0.000217258203  0.00120990141
  939.331787  0.000219897542  0.00120949757
  939.412842  0.000222550734  0.00120909244
  939.493896  0.000225203024  0.00120868732
  939.574829  0.000227854456  0.00120828266
  939.655823  0.000230504927  0.00120787811
  939.736877  0.000233154453  0.00120747345
  939.81781  0.000235788262  0.00120707031
  939.898865  0.000238435969  0.001206666
  939.979858  0.000241082787  0.00120626215
  940.060913  0.000243728646  0.00120585808
  940.141968  0.000246358744  0.00120545516
  940.223083  0.000249002769  0.00120505143
  940.304138  0.000251645892  0.00120464794
  940.385132  0.000254288112  0.00120424468
  940.466187  0.000256914587  0.00120384246
  940.547363  0.000259554887  0.00120343908
  940.628357  0.0002621944  0.0012030364
  940.709534  0.000264832895  0.00120263326
  940.790527  0.000267470576  0.00120223069
  940.871704  0.000270107237  0.00120182813
  940.95282  0.000272728154  0.00120142661
  941.033997  0.000275363011  0.00120102405
  941.11499  0.000277997024  0.00120062206
  941.196167  0.000280630047  0.00120022008
  941.277283  0.000283247355  0.00119981926
  941.358459  0.000285878545  0.00119941728
  941.439575  0.000288508862  0.00119901577
  941.520813  0.000291138189  0.00119861413
  941.60199  0.000293766672  0.00119821273
  941.683105  0.00029637941  0.00119781261
  941.764404  0.000299006002  0.00119741121
  941.84552  0.000301631721  0.0011970104
  941.926636  0.000304256595  0.00119660969
  942.007935  0.000306880422  0.00119620864
  942.089172  0.00030948862  0.00119580922
  942.170288  0.000312110729  0.0011954091
  942.251587  0.00031473182  0.00119500852
  942.332825  0.000317352067  0.00119460816
  942.414062  0.000319971383  0.00119420828
  942.4953  0.000322575012  0.00119380956
  942.576599  0.000325192523  0.00119340944
  942.657837  0.000327809073  0.00119300978
  942.739075  0.000330424809  0.00119261059
  942.820312  0.0003330248  0.00119221234
  942.90155  0.000335638702  0.00119181303
  942.98291  0.000338251615  0.00119141396
  943.064209  0.000340863655  0.00119101489
  943.145569  0.000343474734  0.00119061582
  943.226807  0.000346070243  0.00119021838
  943.308167  0.000348679547  0.00118981989
  943.389404  0.000351288007  0.00118942151
  943.470764  0.000353895448  0.00118902302
  943.552124  0.000356502016  0.001188625
  943.633484  0.000359092926  0.00118822791
  943.714844  0.00036169769  0.00118782988
  943.796204  0.000364301522  0.00118743198
  943.877563  0.000366904482  0.00118703453
  943.958923  0.000369506539  0.00118663698
  944.040283  0.000372092938  0.0011862407
  944.121643  0.000374693191  0.00118584337
  944.203125  0.000377292396  0.00118544616
  944.284485  0.000379890873  0.00118504919
  944.365845  0.000382473692  0.00118465361
  944.447327  0.00038507022  0.00118425651
  944.528687  0.00038766599  0.00118386035
  944.610168  0.000390260713  0.00118346373
  944.691589  0.000392854592  0.00118306733
  944.773071  0.00039544754  0.00118267129
  944.854431  0.000398025004  0.00118227641
  944.935913  0.000400616147  0.00118188036
  945.017395  0.000403206359  0.00118148443
  945.098877  0.000405795698  0.00118108897
  945.180298  0.000408369495  0.00118069455
  945.26178  0.000410957058  0.00118029921
  945.343384  0.000413543603  0.0011799034
  945.424805  0.00041612942  0.00117950875
  945.506287  0.000418699579  0.00117911492
  945.587891  0.000421283417  0.00117871969
  945.669373  0.000423866499  0.00117832492
  945.750916  0.000426448591  0.00117793051
  945.832397  0.000429029897  0.00117753609
  945.914001  0.000431610155  0.00117714156
  945.995544  0.000434174901  0.00117674831
  946.077148  0.000436753384  0.00117635436
  946.158569  0.00043933111  0.00117596064
  946.240173  0.000441907818  0.00117556669
  946.321777  0.000444468926  0.00117517391
  946.40332  0.000447043887  0.00117478066
  946.484924  0.000449617859  0.00117438717
  946.566589  0.000452190929  0.00117399357
  946.648193  0.000454763125  0.00117360055
  946.729736  0.000457319868  0.00117320882
  946.811401  0.000459890231  0.00117281557
  946.893005  0.000462459779  0.0011724229
  946.97467  0.000465028337  0.00117203034
  947.056274  0.000467596081  0.00117163791
  947.137939  0.000470148225  0.0011712464
  947.219543  0.000472714251  0.00117085467
  947.301208  0.000475279288  0.00117046246
  947.382935  0.000477843307  0.00117007026
  947.4646  0.000480406539  0.00116967829
  947.546265  0.000482954289  0.00116928807
  947.627991  0.000485515659  0.00116889621
  947.709656  0.000488076214  0.00116850471
  947.791321  0.000490635866  0.00116811343
  947.873047  0.000493180007  0.00116772344
  947.954834  0.000495737768  0.00116733217
  948.036499  0.000498294772  0.00116694125
  948.118164  0.000500850903  0.00116655079
  948.199951  0.000503406045  0.00116615999
  948.281799  0.000505960197  0.00116576906
  948.363464  0.000508498983  0.00116537989
  948.445251  0.000511051505  0.0011649899
  948.527039  0.000513602979  0.00116459955
  948.608765  0.000516153756  0.00116420956
  948.690552  0.000518688932  0.00116382074
  948.772339  0.000521237846  0.00116343121
  948.854126  0.000523785828  0.00116304157
  948.935913  0.000526332937  0.00116265193
  949.0177  0.000528864679  0.00116226368
  949.099609  0.000531409867  0.00116187439
  949.181396  0.000533954299  0.00116148521
  949.263184  0.000536497857  0.00116109638
  949.345093  0.000539040484  0.00116070756
  949.42688  0.000541567744  0.00116032001
  949.508789  0.000544108509  0.00115993118
  949.590576  0.000546648516  0.00115954282
  949.672485  0.000549187534  0.00115915458
  949.754272  0.000551711302  0.00115876761
  949.836182  0.000554248574  0.00115837948
  949.918091  0.000556784973  0.00115799136
  950.  0.000559320382  0.00115760358
  955.272583  0.000672989176  0.00113298884
  968.588562  0.000822112837  0.0010736885
  982.09021  0.00090516929  0.00101751683
  995.779968  0.000958192511  0.000964282197
  1009.66058  0.000991906738  0.000913832453
  1023.7348  0.00101007218  0.000866017479
  1038.005  0.00101597537  0.000823260809
  1052.47424  0.00101461331  0.000787908037
  1067.14514  0.00101225334  0.000758994836
  1082.02051  0.00100891571  0.000731142005
  1097.10339  0.00100385421  0.000704313803
  1112.39636  0.000997319585  0.000678471755
  1127.90259  0.00098950055  0.000653573719
  1143.62488  0.000980597688  0.00062958966
  1159.56641  0.000970812398  0.00060648896
  1175.73022  0.000960338046  0.000584234716
  1192.11926  0.000949349254  0.000562795729
  1208.73682  0.000938084966  0.000542142952
  1225.58594  0.000927083136  0.000522250426
  1242.66992  0.000916366465  0.000502097595
  1259.99194  0.000905668538  0.000481375377
  1277.55554  0.000894140278  0.000460006122
  1295.36401  0.000880912179  0.000438289047
  1313.42078  0.000866413757  0.000417599629
  1331.72913  0.000851073477  0.00039788938
  1350.29272  0.000835280458  0.000379105943
  1369.11511  0.000819178997  0.00036120796
  1388.19983  0.000802871655  0.000344157772
  1407.55054  0.00078644423  0.00032791344
  1427.17102  0.000769966864  0.000312433462
  1447.06506  0.000753493689  0.000297683437
  1467.23621  0.000737042283  0.00028362681
  1487.68884  0.000720675918  0.000270226301
  1508.42639  0.000704430626  0.000257437408
  1529.453  0.000688326196  0.000245245144
  1550.77271  0.000672387949  0.000233629937
  1572.38977  0.000656639284  0.000222565432
  1594.30786  0.000641097955  0.000212024126
  1616.53174  0.000625771761  0.000201981587
  1639.06531  0.000610668329  0.000192414387
  1661.91296  0.000595817284  0.000183300421
  1685.0791  0.000581224624  0.000174618544
  1708.56824  0.000566916366  0.000166347949
  1732.38477  0.000552896643  0.000158443872
  1756.53333  0.000539135654  0.000150858003
  1781.01831  0.00052561122  0.000143612924
  1805.84485  0.000512315717  0.000136695686
  1831.01721  0.000499271089  0.000130112589
  1856.54065  0.000486488076  0.000123847742
  1882.41992  0.000473971711  0.000117885225
  1908.65979  0.000461722433  0.000112209003
  1935.2655  0.000449738087  0.00010680472
  1962.24194  0.000438016461  0.000101661251
  1989.59473  0.000426543062  9.67671585E-05
  2017.32861  0.000415369606  9.21382452E-05
  2045.44897  0.00040446507  8.76890408E-05
  2073.96143  0.000393803144  8.34358871E-05
  2102.87134  0.000383380248  7.93859872E-05
  2132.18433  0.000373202172  7.55293295E-05
  2161.90576  0.000363266852  7.18564406E-05
  2192.0415  0.000353565876  6.83560938E-05
  2222.59741  0.00034409549  6.5024411E-05
  2253.57935  0.000334856624  6.18540435E-05
  2284.99292  0.000325847563  5.88358489E-05
  2316.84448  0.000317062106  5.59612381E-05
  2349.13989  0.000308494811  5.32246704E-05
  2381.8855  0.00030014338  5.06217839E-05
  2415.08789  0.000292002864  4.8141701E-05
  2448.75293  0.000284066831  4.57833266E-05
  2482.88721  0.000276334002  4.35375296E-05
  2517.49707  0.00026879966  4.14011047E-05
  2552.58984  0.000261460111  3.93691153E-05
  2588.17163  0.000254311424  3.74355695E-05
  2624.24927  0.000247349002  3.55946431E-05
  2660.82983  0.000240568203  3.38426034E-05
  2697.92041  0.000233964383  3.21778352E-05
  2735.52783  0.000227534954  3.05932008E-05
  2773.65967  0.00022127507  2.90855787E-05
  2812.323  0.00021518147  2.76514074E-05
  2851.52539  0.000209250182  2.62872472E-05
  2891.27393  0.000203477102  2.49897039E-05
  2931.57666  0.000197858753  2.37554523E-05
  2972.44141  0.000192390115  2.25814856E-05
  3013.87549  0.000187068159  2.14651027E-05
  3055.88745  0.000181890078  2.04034095E-05
  3098.48486  0.000176851885  1.93936467E-05
  3141.67603  0.00017195  1.84334349E-05
  3185.46924  0.000167181046  1.75203877E-05
  3229.8728  0.000162541503  1.66519767E-05
  3274.89575  0.000158028153  1.58264647E-05
  3320.54614  0.000153637477  1.50413389E-05
  3366.83252  0.000149366548  1.42949484E-05
  3413.7644  0.000145212645  1.35852915E-05
  3461.35059  0.000141172393  1.29105611E-05
  3509.59961  0.000137242736  1.22690681E-05
  3558.52148  0.000133421083  1.16591455E-05
  3608.12549  0.000129704466  1.10793462E-05
  3658.4209  0.000126089843  1.05281106E-05
  3709.41724  0.000122574391  1.00040461E-05
  3761.12451  0.000119155877  9.50596586E-06
  3813.55249  0.000115831775  9.03246655E-06
  3866.71143  0.000112599402  8.58230669E-06
  3920.61133  0.000109456203  8.15442672E-06
  3975.26221  0.000106400184  7.74785258E-06
  4030.67554  0.000103428203  7.36127913E-06
  4086.86084  0.000100538426  6.99381735E-06
  4143.82959  9.77288073E-05  6.64455638E-06
  4201.59229  9.49968598E-05  6.31258035E-06
  4260.16016  9.23405241E-05  5.9970821E-06
  4319.54443  8.97578575E-05  5.69727217E-06
  4379.75635  8.72465607E-05  5.41232248E-06
  4440.80811  8.48052223E-05  5.14156227E-06
  4502.71045  8.2431492E-05  4.88418982E-06
  4565.47559  8.01233691E-05  4.63946299E-06
  4629.11572  7.78791873E-05  4.40700796E-06
  4693.64355  7.56973168E-05  4.18614627E-06
  4759.07031  7.35761278E-05  3.97620079E-06
  4825.40918  7.15137503E-05  3.77666333E-06
  4892.67285  6.95084091E-05  3.58709462E-06
  4960.87402  6.75586707E-05  3.40692804E-06
  5030.02588  6.56627599E-05  3.23574181E-06
  5100.14209  6.38195561E-05  3.07308437E-06
  5171.23486  6.20274877E-05  2.91853917E-06
  5243.31885  6.0284925E-05  2.77166009E-06
  5316.4082  5.85905036E-05  2.63204902E-06
  5390.51611  5.69429576E-05  2.4995345E-06
  5465.65723  5.53410318E-05  2.37351242E-06
  5541.84521  5.37831511E-05  2.2537472E-06
  5619.09521  5.22682603E-05  2.14005013E-06
  5697.42285  5.0795119E-05  2.03197806E-06
  5776.8418  4.93625084E-05  1.92928587E-06
  5857.36768  4.7969279E-05  1.83177804E-06
  5939.01611  4.66143429E-05  1.73902765E-06
  6021.80273  4.52963359E-05  1.65101369E-06
  6105.74316  4.4014454E-05  1.5674201E-06
  6190.85449  4.27674931E-05  1.4879281E-06
  6277.15186  4.15544564E-05  1.4124073E-06
  6364.65137  4.03743143E-05  1.34068807E-06
  6453.37158  3.9226099E-05  1.27255851E-06
  6543.32812  3.81089521E-05  1.20782545E-06
  6634.53809  3.70216294E-05  1.14634486E-06
  6727.02051  3.59630358E-05  1.08793643E-06
  6820.7915  3.49325637E-05  1.03246327E-06
  6915.86914  3.39292528E-05  9.79766355E-07
  7012.27295  3.29521026E-05  9.29706403E-07
  7110.02002  3.20002109E-05  8.82160009E-07
  7209.12988  3.10726864E-05  8.37003086E-07
  7309.62109  3.01685141E-05  7.94110576E-07
  7411.51318  2.92858931E-05  7.53368681E-07
  7514.82617  2.84243833E-05  7.14671614E-07
  7619.57861  2.75828043E-05  6.77923424E-07
  7725.79102  2.67599626E-05  6.43026738E-07
  7833.48438  2.59543831E-05  6.09884239E-07
  7942.67969  2.51643796E-05  5.78409072E-07
  8053.396  2.43881805E-05  5.48521371E-07
  8165.65625  2.3620727E-05  5.20131834E-07
  8279.48047  2.28584613E-05  4.93177254E-07
  8394.89258  2.20955735E-05  4.6758035E-07
  8511.91211  2.13212606E-05  4.43275354E-07
  8630.56348  2.0514477E-05  4.20199058E-07
  8750.86914  1.96218043E-05  3.98291462E-07
  8872.85156  1.81132891E-05  3.77499617E-07
  8996.53418  1.55804901E-05  2.77960862E-06
  9121.94141  1.77482543E-05  2.64965365E-06
  9249.0957  1.78701084E-05  2.52548898E-06
  9378.02344  1.76994836E-05  2.40677855E-06
  9508.74805  1.74373363E-05  2.29329521E-06
  9641.29492  1.71296524E-05  2.18485184E-06
  9775.68848  1.67965645E-05  2.08125994E-06
  9911.95703  1.64484372E-05  1.98236467E-06
  10050.125  1.60908858E-05  1.88778802E-06
  10190.2178  1.57302493E-05  1.79749861E-06
  10332.2637  1.53690798E-05  1.71130603E-06
  10476.29  1.50091828E-05  1.62904678E-06
  10622.3232  1.46518987E-05  1.55055761E-06
  10770.3926  1.42982717E-05  1.47567164E-06
  10920.5264  1.39490858E-05  1.404248E-06
  11072.7529  1.36044291E-05  1.33610604E-06
  11227.1006  1.32653449E-05  1.27112196E-06
  11383.6006  1.29322143E-05  1.20916957E-06
  11542.2822  1.26052082E-05  1.15012188E-06
  11703.1748  1.22844976E-05  1.09385212E-06
  11866.3105  1.19702227E-05  1.04023218E-06
  12031.7207  1.16624442E-05  9.89141654E-07
  12199.4365  1.13610804E-05  9.40469249E-07
  12369.4902  1.10662022E-05  8.94095308E-07
  12541.9141  1.07779115E-05  8.49936157E-07
  12716.7412  1.04961537E-05  8.07888284E-07
  12894.0059  1.02208624E-05  7.67859319E-07
  13073.7412  9.95199298E-06  7.29753197E-07
  13255.9824  9.68949553E-06  6.93473453E-07
  13440.7637  9.43323812E-06  6.58949375E-07
  13628.1211  9.18307978E-06  6.26083875E-07
  13818.0889  8.93903325E-06  5.94817607E-07
  14010.7061  8.70098484E-06  5.65069001E-07
  14206.0068  8.46882358E-06  5.36769107E-07
  14404.0312  8.24244398E-06  5.09850906E-07
  14604.8164  8.02175873E-06  4.84247096E-07
  14808.3994  7.80664868E-06  4.59904498E-07
  15014.8203  7.59692739E-06  4.367472E-07
  15224.1182  7.39256302E-06  4.14728277E-07
  15436.335  7.19344143E-06  3.93794124E-07
  15651.5098  6.99944985E-06  3.73893045E-07
  15869.6816  6.81047914E-06  3.54976407E-07
  16090.8965  6.62641105E-06  3.36999136E-07
  16315.1953  6.44712645E-06  3.19914164E-07
  16542.6191  6.27251802E-06  3.03673545E-07
  16773.2148  6.10246161E-06  2.88242234E-07
  17007.0254  5.93687901E-06  2.73579531E-07
  17244.0938  5.77567153E-06  2.59649227E-07
  17484.4668  5.61872321E-06  2.46416874E-07
  17728.1914  5.46592537E-06  2.33847118E-07
  17975.3125  5.31718979E-06  2.21905836E-07
  18225.8789  5.1723905E-06  2.10564053E-07
  18479.9375  5.03146566E-06  1.99792638E-07
  18737.5371  4.89428703E-06  1.89563352E-07
  18998.7285  4.76077912E-06  1.79849593E-07
  19263.5605  4.63085598E-06  1.70625597E-07
  19532.084  4.50442349E-06  1.61868456E-07
  19804.3516  4.3813875E-06  1.53556059E-07
  20080.4141  4.26165889E-06  1.45662369E-07
  20360.3223  4.14515534E-06  1.38168417E-07
  20644.1348  4.03179592E-06  1.31054193E-07
  20931.9023  3.92149786E-06  1.2430192E-07
  21223.6816  3.81418545E-06  1.17893727E-07
  21519.5293  3.70978159E-06  1.11811914E-07
  21819.5  3.6082065E-06  1.06040382E-07
  22123.6523  3.50937876E-06  1.00563277E-07
  22432.0449  3.41323766E-06  9.53651949E-08
  22744.7324  3.31971523E-06  9.04330264E-08
  23061.7832  3.2287312E-06  8.57535483E-08
  23383.252  3.14022282E-06  8.13138641E-08
  23709.2012  3.0541255E-06  7.71018875E-08
  24039.6953  2.97037627E-06  7.31060936E-08
  24374.7949  2.88891488E-06  6.93155542E-08
  24714.5664  2.80966447E-06  6.57197816E-08
  25059.0742  2.7325882E-06  6.23091836E-08
  25408.3848  2.65761423E-06  5.90738765E-08
  25762.5645  2.58468913E-06  5.60053657E-08
  26121.6797  2.51375877E-06  5.30951887E-08
  26485.8008  2.44476928E-06  5.03351032E-08
  26855.  2.37766676E-06  4.77179682E-08
  27229.3438  2.31239983E-06  4.52359927E-08
  27608.9062  2.24892483E-06  4.28822204E-08
  27993.7598  2.18718674E-06  4.06503275E-08
  28383.9766  2.12714258E-06  3.8534143E-08
  28779.6348  2.06874324E-06  3.65276627E-08
  29180.8066  2.01194462E-06  3.46252484E-08
  29587.5723  1.95670418E-06  3.28215677E-08
  30000.0059  1.90297567E-06  3.11116359E-08
